0.100000E+03 0.900465E-36 0.245335E-36 0.899436E-36 0.244854E-36 0.705293E-36 0.170563E-36
0.103276E+03 0.929747E-36 0.253745E-36 0.927755E-36 0.253199E-36 0.731744E-36 0.177660E-36
0.106660E+03 0.958010E-36 0.262379E-36 0.956966E-36 0.261827E-36 0.759077E-36 0.185025E-36
0.110154E+03 0.989096E-36 0.271249E-36 0.987096E-36 0.270742E-36 0.787322E-36 0.192667E-36
0.113763E+03 0.101923E-35 0.280538E-36 0.101817E-35 0.279967E-36 0.816506E-36 0.200596E-36
0.117490E+03 0.105223E-35 0.290081E-36 0.105022E-35 0.289507E-36 0.846658E-36 0.208822E-36
0.121339E+03 0.108530E-35 0.299950E-36 0.108329E-35 0.299370E-36 0.877808E-36 0.217355E-36
0.125314E+03 0.111941E-35 0.310093E-36 0.111739E-35 0.309565E-36 0.909988E-36 0.226206E-36
0.129420E+03 0.115458E-35 0.320642E-36 0.115256E-35 0.320107E-36 0.943233E-36 0.235387E-36
0.133660E+03 0.119086E-35 0.331608E-36 0.118884E-35 0.331006E-36 0.977571E-36 0.244908E-36
0.138038E+03 0.122829E-35 0.342886E-36 0.122626E-35 0.342276E-36 0.101304E-35 0.254782E-36
0.142561E+03 0.126688E-35 0.354544E-36 0.126485E-35 0.353928E-36 0.104967E-35 0.265020E-36
0.147231E+03 0.130669E-35 0.366599E-36 0.130465E-35 0.365975E-36 0.108750E-35 0.275635E-36
0.152055E+03 0.134774E-35 0.379063E-36 0.134570E-35 0.378431E-36 0.112657E-35 0.286642E-36
0.157036E+03 0.139008E-35 0.391947E-36 0.138803E-35 0.391312E-36 0.116692E-35 0.298051E-36
0.162181E+03 0.143375E-35 0.405272E-36 0.143170E-35 0.404623E-36 0.120858E-35 0.309880E-36
0.167494E+03 0.147879E-35 0.419046E-36 0.147673E-35 0.418395E-36 0.125160E-35 0.322140E-36
0.172982E+03 0.152524E-35 0.433287E-36 0.152317E-35 0.432622E-36 0.129602E-35 0.334847E-36
0.178649E+03 0.157314E-35 0.448011E-36 0.157106E-35 0.447337E-36 0.134188E-35 0.348018E-36
0.184502E+03 0.162254E-35 0.463233E-36 0.162046E-35 0.462551E-36 0.138923E-35 0.361667E-36
0.190546E+03 0.167348E-35 0.478971E-36 0.167140E-35 0.478278E-36 0.143810E-35 0.375812E-36
0.196789E+03 0.172602E-35 0.495240E-36 0.172392E-35 0.494538E-36 0.148856E-35 0.390469E-36
0.203236E+03 0.178019E-35 0.512061E-36 0.177808E-35 0.511349E-36 0.154065E-35 0.405656E-36
0.209894E+03 0.183606E-35 0.529450E-36 0.183396E-35 0.528729E-36 0.159441E-35 0.421390E-36
0.216770E+03 0.189367E-35 0.547428E-36 0.189156E-35 0.546696E-36 0.164990E-35 0.437692E-36
0.223872E+03 0.195308E-35 0.566013E-36 0.195096E-35 0.565266E-36 0.170718E-35 0.454580E-36
0.231206E+03 0.201433E-35 0.585227E-36 0.201370E-35 0.584474E-36 0.176629E-35 0.472074E-36
0.238781E+03 0.207750E-35 0.605088E-36 0.207537E-35 0.604330E-36 0.182729E-35 0.490195E-36
0.246604E+03 0.214263E-35 0.625619E-36 0.214050E-35 0.624856E-36 0.189025E-35 0.508966E-36
0.254683E+03 0.220979E-35 0.646849E-36 0.220764E-35 0.646071E-36 0.195521E-35 0.528405E-36
0.263027E+03 0.227903E-35 0.668792E-36 0.227688E-35 0.668004E-36 0.202225E-35 0.548538E-36
0.271644E+03 0.235042E-35 0.691475E-36 0.234829E-35 0.690676E-36 0.209141E-35 0.569389E-36
0.280543E+03 0.242402E-35 0.714924E-36 0.242185E-35 0.714113E-36 0.216278E-35 0.590980E-36
0.289734E+03 0.249991E-35 0.739163E-36 0.249772E-35 0.738339E-36 0.223641E-35 0.613341E-36
0.299226E+03 0.257815E-35 0.764217E-36 0.257596E-35 0.763376E-36 0.231238E-35 0.636492E-36
0.309030E+03 0.265880E-35 0.790117E-36 0.265661E-35 0.789262E-36 0.239075E-35 0.660462E-36
0.319154E+03 0.274195E-35 0.816888E-36 0.273975E-35 0.816039E-36 0.247159E-35 0.685280E-36
0.329610E+03 0.282767E-35 0.844561E-36 0.282546E-35 0.843701E-36 0.255499E-35 0.710973E-36
0.340408E+03 0.291602E-35 0.873165E-36 0.291381E-35 0.872290E-36 0.264102E-35 0.737572E-36
0.351560E+03 0.300711E-35 0.902730E-36 0.300488E-35 0.901838E-36 0.272973E-35 0.765106E-36
0.363078E+03 0.310099E-35 0.933287E-36 0.309876E-35 0.932386E-36 0.282124E-35 0.793607E-36
0.374973E+03 0.319777E-35 0.964872E-36 0.319553E-35 0.963957E-36 0.291562E-35 0.823110E-36
0.387258E+03 0.329751E-35 0.997516E-36 0.329526E-35 0.996586E-36 0.301295E-35 0.853645E-36
0.399945E+03 0.340031E-35 0.103126E-35 0.339806E-35 0.103031E-35 0.311332E-35 0.885244E-36
0.413048E+03 0.350627E-35 0.106613E-35 0.350399E-35 0.106517E-35 0.321682E-35 0.917951E-36
0.426580E+03 0.361546E-35 0.110217E-35 0.361317E-35 0.110120E-35 0.332354E-35 0.951796E-36
0.440555E+03 0.372799E-35 0.113941E-35 0.372568E-35 0.113843E-35 0.343358E-35 0.986822E-36
0.454988E+03 0.384396E-35 0.117791E-35 0.384166E-35 0.117691E-35 0.354703E-35 0.102307E-35
0.469894E+03 0.396346E-35 0.121769E-35 0.396112E-35 0.121668E-35 0.366399E-35 0.106056E-35
0.485289E+03 0.408659E-35 0.125880E-35 0.408427E-35 0.125777E-35 0.378457E-35 0.109937E-35
0.501187E+03 0.421347E-35 0.130128E-35 0.421114E-35 0.130024E-35 0.390886E-35 0.113951E-35
0.517607E+03 0.434418E-35 0.134518E-35 0.434184E-35 0.134413E-35 0.403699E-35 0.118104E-35
0.534564E+03 0.447887E-35 0.139054E-35 0.447651E-35 0.138948E-35 0.416905E-35 0.122400E-35
0.552077E+03 0.461762E-35 0.143742E-35 0.461525E-35 0.143633E-35 0.430517E-35 0.126845E-35
0.570164E+03 0.476056E-35 0.148585E-35 0.475818E-35 0.148475E-35 0.444543E-35 0.131443E-35
0.588844E+03 0.490780E-35 0.153590E-35 0.490542E-35 0.153478E-35 0.459000E-35 0.136198E-35
0.608135E+03 0.505950E-35 0.158761E-35 0.505708E-35 0.158647E-35 0.473895E-35 0.141117E-35
0.628058E+03 0.521570E-35 0.164104E-35 0.521330E-35 0.163990E-35 0.489244E-35 0.146204E-35
0.648634E+03 0.537661E-35 0.169624E-35 0.537422E-35 0.169509E-35 0.505059E-35 0.151466E-35
0.669885E+03 0.554233E-35 0.175327E-35 0.553992E-35 0.175210E-35 0.521352E-35 0.156907E-35
0.691831E+03 0.571301E-35 0.181219E-35 0.571058E-35 0.181100E-35 0.538138E-35 0.162533E-35
0.714496E+03 0.588877E-35 0.187306E-35 0.588631E-35 0.187186E-35 0.555429E-35 0.168351E-35
0.737904E+03 0.606972E-35 0.193594E-35 0.606726E-35 0.193472E-35 0.573241E-35 0.174367E-35
0.762079E+03 0.625605E-35 0.200090E-35 0.625358E-35 0.199966E-35 0.591586E-35 0.180587E-35
0.787046E+03 0.644791E-35 0.206800E-35 0.644541E-35 0.206674E-35 0.610479E-35 0.187019E-35
0.812831E+03 0.664543E-35 0.213731E-35 0.664290E-35 0.213604E-35 0.629937E-35 0.193667E-35
0.839460E+03 0.684874E-35 0.220892E-35 0.684622E-35 0.220761E-35 0.649974E-35 0.200540E-35
0.866962E+03 0.705805E-35 0.228285E-35 0.705549E-35 0.228154E-35 0.670605E-35 0.207646E-35
0.895365E+03 0.727348E-35 0.235923E-35 0.727091E-35 0.235790E-35 0.691844E-35 0.214990E-35
0.924698E+03 0.749518E-35 0.243811E-35 0.749262E-35 0.243677E-35 0.713714E-35 0.222581E-35
0.954993E+03 0.772338E-35 0.251958E-35 0.772081E-35 0.251822E-35 0.736225E-35 0.230427E-35
0.986279E+03 0.795820E-35 0.260371E-35 0.795561E-35 0.260233E-35 0.759397E-35 0.238537E-35
0.101859E+04 0.819978E-35 0.269059E-35 0.819725E-35 0.268920E-35 0.783247E-35 0.246917E-35
0.105196E+04 0.844842E-35 0.278031E-35 0.844584E-35 0.277890E-35 0.807792E-35 0.255577E-35
0.108643E+04 0.870420E-35 0.287295E-35 0.870158E-35 0.287152E-35 0.833051E-35 0.264525E-35
0.112202E+04 0.896733E-35 0.296861E-35 0.896467E-35 0.296715E-35 0.859041E-35 0.273772E-35
0.115878E+04 0.923795E-35 0.306738E-35 0.923531E-35 0.306590E-35 0.885782E-35 0.283325E-35
0.119674E+04 0.951632E-35 0.316936E-35 0.951363E-35 0.316785E-35 0.913293E-35 0.293195E-35
0.123595E+04 0.980264E-35 0.327464E-35 0.979997E-35 0.327270E-35 0.941594E-35 0.303392E-35
0.127644E+04 0.100970E-34 0.338332E-35 0.100944E-34 0.338180E-35 0.970700E-35 0.313924E-35
0.131826E+04 0.103998E-34 0.349553E-35 0.103971E-34 0.349398E-35 0.100064E-34 0.324805E-35
0.136144E+04 0.107110E-34 0.361135E-35 0.107083E-34 0.360978E-35 0.103142E-34 0.336044E-35
0.140605E+04 0.110310E-34 0.373089E-35 0.110283E-34 0.372931E-35 0.106308E-34 0.347652E-35
0.145211E+04 0.113600E-34 0.385429E-35 0.113573E-34 0.385268E-35 0.109563E-34 0.359639E-35
0.149968E+04 0.116981E-34 0.398164E-35 0.116953E-34 0.398001E-35 0.112909E-34 0.372019E-35
0.154882E+04 0.120455E-34 0.411307E-35 0.120428E-34 0.411143E-35 0.116349E-34 0.384803E-35
0.159956E+04 0.124026E-34 0.424870E-35 0.123999E-34 0.424705E-35 0.119884E-34 0.398002E-35
0.165196E+04 0.127695E-34 0.438869E-35 0.127683E-34 0.438700E-35 0.123517E-34 0.411632E-35
0.170608E+04 0.131465E-34 0.453313E-35 0.131437E-34 0.453142E-35 0.127251E-34 0.425702E-35
0.176198E+04 0.135338E-34 0.468216E-35 0.135309E-34 0.468042E-35 0.131087E-34 0.440228E-35
0.181970E+04 0.139316E-34 0.483592E-35 0.139287E-34 0.483417E-35 0.135028E-34 0.455222E-35
0.187932E+04 0.143401E-34 0.499456E-35 0.143372E-34 0.499278E-35 0.139076E-34 0.470700E-35
0.194089E+04 0.147596E-34 0.515821E-35 0.147568E-34 0.515642E-35 0.143234E-34 0.486674E-35
0.200447E+04 0.151904E-34 0.532704E-35 0.151876E-34 0.532521E-35 0.147505E-34 0.503161E-35
0.207014E+04 0.156327E-34 0.550117E-35 0.156299E-34 0.549934E-35 0.151889E-34 0.520174E-35
0.213796E+04 0.160868E-34 0.568078E-35 0.160839E-34 0.567891E-35 0.156391E-34 0.537731E-35
0.220800E+04 0.165528E-34 0.586602E-35 0.165499E-34 0.586413E-35 0.161013E-34 0.555846E-35
0.228034E+04 0.170311E-34 0.605704E-35 0.170281E-34 0.605513E-35 0.165757E-34 0.574535E-35
0.235505E+04 0.175219E-34 0.625405E-35 0.175189E-34 0.625212E-35 0.170625E-34 0.593818E-35
0.243220E+04 0.180255E-34 0.645718E-35 0.180225E-34 0.645522E-35 0.175621E-34 0.613708E-35
0.251189E+04 0.185421E-34 0.666662E-35 0.185391E-34 0.666539E-35 0.180748E-34 0.634225E-35
0.259418E+04 0.190720E-34 0.688256E-35 0.190691E-34 0.688131E-35 0.186006E-34 0.655386E-35
0.267917E+04 0.196155E-34 0.710517E-35 0.196126E-34 0.710316E-35 0.191400E-34 0.677210E-35
0.276694E+04 0.201729E-34 0.733464E-35 0.201699E-34 0.733261E-35 0.196932E-34 0.699715E-35
0.285759E+04 0.207444E-34 0.757118E-35 0.207414E-34 0.756913E-35 0.202606E-34 0.722923E-35
0.295121E+04 0.213302E-34 0.781496E-35 0.213272E-34 0.781290E-35 0.208422E-34 0.746848E-35
0.304789E+04 0.219308E-34 0.806621E-35 0.219277E-34 0.806410E-35 0.214385E-34 0.771515E-35
0.314775E+04 0.225463E-34 0.832513E-35 0.225432E-34 0.832300E-35 0.220497E-34 0.796947E-35
0.325087E+04 0.231769E-34 0.859191E-35 0.231739E-34 0.858976E-35 0.226761E-34 0.823158E-35
0.335738E+04 0.238232E-34 0.886680E-35 0.238201E-34 0.886462E-35 0.233180E-34 0.850175E-35
0.346737E+04 0.244852E-34 0.915000E-35 0.244820E-34 0.914778E-35 0.239755E-34 0.878017E-35
0.358096E+04 0.251633E-34 0.944172E-35 0.251601E-34 0.944031E-35 0.246492E-34 0.906710E-35
0.369828E+04 0.258577E-34 0.974224E-35 0.258545E-34 0.973996E-35 0.253391E-34 0.936271E-35
0.381944E+04 0.265687E-34 0.100518E-34 0.265671E-34 0.100495E-34 0.260457E-34 0.966733E-35
0.394457E+04 0.272968E-34 0.103705E-34 0.272951E-34 0.103690E-34 0.267692E-34 0.998111E-35
0.407380E+04 0.280420E-34 0.106988E-34 0.280389E-34 0.106973E-34 0.275098E-34 0.103044E-34
0.420727E+04 0.288048E-34 0.110368E-34 0.288015E-34 0.110353E-34 0.282680E-34 0.106373E-34
0.434510E+04 0.295854E-34 0.113848E-34 0.295821E-34 0.113833E-34 0.290439E-34 0.109802E-34
0.448745E+04 0.303840E-34 0.117431E-34 0.303808E-34 0.117407E-34 0.298378E-34 0.113333E-34
0.463447E+04 0.312010E-34 0.121119E-34 0.311977E-34 0.121095E-34 0.306500E-34 0.116968E-34
0.478630E+04 0.320367E-34 0.124915E-34 0.320334E-34 0.124891E-34 0.314809E-34 0.120712E-34
0.494311E+04 0.328913E-34 0.128822E-34 0.328880E-34 0.128798E-34 0.323307E-34 0.124565E-34
0.510505E+04 0.337652E-34 0.132843E-34 0.337620E-34 0.132818E-34 0.331997E-34 0.128532E-34
0.527230E+04 0.346587E-34 0.136980E-34 0.346554E-34 0.136955E-34 0.340882E-34 0.132615E-34
0.544503E+04 0.355720E-34 0.141237E-34 0.355686E-34 0.141212E-34 0.349965E-34 0.136816E-34
0.562341E+04 0.365054E-34 0.145616E-34 0.365020E-34 0.145591E-34 0.359249E-34 0.141140E-34
0.580764E+04 0.374592E-34 0.150121E-34 0.374558E-34 0.150095E-34 0.368736E-34 0.145588E-34
0.599791E+04 0.384337E-34 0.154754E-34 0.384318E-34 0.154728E-34 0.378430E-34 0.150164E-34
0.619441E+04 0.394292E-34 0.159519E-34 0.394257E-34 0.159493E-34 0.388334E-34 0.154872E-34
0.639735E+04 0.404459E-34 0.164420E-34 0.404425E-34 0.164393E-34 0.398449E-34 0.159715E-34
0.660693E+04 0.414842E-34 0.169458E-34 0.414808E-34 0.169441E-34 0.408780E-34 0.164694E-34
0.682339E+04 0.425443E-34 0.174638E-34 0.425409E-34 0.174610E-34 0.419328E-34 0.169815E-34
0.704693E+04 0.436266E-34 0.179963E-34 0.436231E-34 0.179936E-34 0.430098E-34 0.175081E-34
0.727780E+04 0.447314E-34 0.185437E-34 0.447278E-34 0.185409E-34 0.441091E-34 0.180493E-34
0.751623E+04 0.458587E-34 0.191062E-34 0.458552E-34 0.191034E-34 0.452310E-34 0.186058E-34
0.776247E+04 0.470092E-34 0.196843E-34 0.470056E-34 0.196815E-34 0.463759E-34 0.191778E-34
0.801678E+04 0.481828E-34 0.202783E-34 0.481793E-34 0.202754E-34 0.475441E-34 0.197655E-34
0.827942E+04 0.493800E-34 0.208886E-34 0.493765E-34 0.208857E-34 0.487356E-34 0.203695E-34
0.855067E+04 0.506010E-34 0.215155E-34 0.505974E-34 0.215126E-34 0.499510E-34 0.209901E-34
0.883080E+04 0.518462E-34 0.221594E-34 0.518440E-34 0.221565E-34 0.511905E-34 0.216277E-34
0.912011E+04 0.531158E-34 0.228208E-34 0.531121E-34 0.228178E-34 0.524543E-34 0.222826E-34
0.941890E+04 0.544099E-34 0.234999E-34 0.544078E-34 0.234969E-34 0.537427E-34 0.229552E-34
0.972747E+04 0.557290E-34 0.241973E-34 0.557254E-34 0.241943E-34 0.550560E-34 0.236460E-34
0.100462E+05 0.570734E-34 0.249132E-34 0.570712E-34 0.249100E-34 0.563944E-34 0.243553E-34
0.103753E+05 0.584433E-34 0.256482E-34 0.584412E-34 0.256449E-34 0.577583E-34 0.250835E-34
0.107152E+05 0.598390E-34 0.264025E-34 0.598367E-34 0.263993E-34 0.591479E-34 0.258311E-34
0.110662E+05 0.612605E-34 0.271767E-34 0.612583E-34 0.271733E-34 0.605635E-34 0.265985E-34
0.114288E+05 0.627087E-34 0.279711E-34 0.627063E-34 0.279679E-34 0.620054E-34 0.273860E-34
0.118032E+05 0.641832E-34 0.287862E-34 0.641808E-34 0.287830E-34 0.634738E-34 0.281941E-34
0.121899E+05 0.656848E-34 0.296224E-34 0.656824E-34 0.296191E-34 0.649691E-34 0.290234E-34
0.125893E+05 0.672134E-34 0.304802E-34 0.672109E-34 0.304769E-34 0.664914E-34 0.298740E-34
0.130017E+05 0.687693E-34 0.313600E-34 0.687668E-34 0.313566E-34 0.680411E-34 0.307467E-34
0.134276E+05 0.703531E-34 0.322622E-34 0.703509E-34 0.322602E-34 0.696184E-34 0.316417E-34
0.138676E+05 0.719649E-34 0.331873E-34 0.719627E-34 0.331840E-34 0.712240E-34 0.325595E-34
0.143219E+05 0.736047E-34 0.341358E-34 0.736009E-34 0.341323E-34 0.728571E-34 0.335006E-34
0.147911E+05 0.752733E-34 0.351081E-34 0.752711E-34 0.351048E-34 0.745189E-34 0.344655E-34
0.152757E+05 0.769705E-34 0.361048E-34 0.769685E-34 0.361012E-34 0.762093E-34 0.354547E-34
0.157761E+05 0.786970E-34 0.371261E-34 0.786930E-34 0.371238E-34 0.779293E-34 0.364685E-34
0.162930E+05 0.804528E-34 0.381729E-34 0.804487E-34 0.381707E-34 0.796782E-34 0.375076E-34
0.168267E+05 0.822381E-34 0.392452E-34 0.822341E-34 0.392416E-34 0.814568E-34 0.385723E-34
0.173780E+05 0.840537E-34 0.403438E-34 0.840494E-34 0.403402E-34 0.832652E-34 0.396632E-34
0.179473E+05 0.858991E-34 0.414693E-34 0.858966E-34 0.414656E-34 0.851038E-34 0.407807E-34
0.185353E+05 0.877750E-34 0.426219E-34 0.877707E-34 0.426182E-34 0.869728E-34 0.419254E-34
0.191426E+05 0.896818E-34 0.438023E-34 0.896793E-34 0.437986E-34 0.888725E-34 0.430979E-34
0.197697E+05 0.916199E-34 0.450109E-34 0.916174E-34 0.450072E-34 0.908033E-34 0.442985E-34
0.204174E+05 0.935892E-34 0.462484E-34 0.935867E-34 0.462446E-34 0.927654E-34 0.455278E-34
0.210863E+05 0.955902E-34 0.475151E-34 0.955857E-34 0.475113E-34 0.947590E-34 0.467863E-34
0.217771E+05 0.976232E-34 0.488117E-34 0.976190E-34 0.488079E-34 0.967847E-34 0.480748E-34
0.224905E+05 0.996883E-34 0.501389E-34 0.996856E-34 0.501345E-34 0.988425E-34 0.493933E-34
0.232274E+05 0.101786E-33 0.514965E-34 0.101782E-33 0.514926E-34 0.100933E-33 0.507427E-34
0.239883E+05 0.103917E-33 0.528858E-34 0.103914E-33 0.528816E-34 0.103056E-33 0.521235E-34
0.247742E+05 0.106081E-33 0.543071E-34 0.106077E-33 0.543031E-34 0.105212E-33 0.535363E-34
0.255859E+05 0.108279E-33 0.557609E-34 0.108276E-33 0.557569E-34 0.107402E-33 0.549815E-34
0.264241E+05 0.110510E-33 0.572479E-34 0.110508E-33 0.572439E-34 0.109626E-33 0.564598E-34
0.272898E+05 0.112775E-33 0.587685E-34 0.112772E-33 0.587645E-34 0.111883E-33 0.579717E-34
0.281838E+05 0.115076E-33 0.603234E-34 0.115073E-33 0.603193E-34 0.114176E-33 0.595177E-34
0.291072E+05 0.117411E-33 0.619130E-34 0.117408E-33 0.619090E-34 0.116503E-33 0.610985E-34
0.300608E+05 0.119781E-33 0.635381E-34 0.119776E-33 0.635339E-34 0.118865E-33 0.627145E-34
0.310456E+05 0.122187E-33 0.651992E-34 0.122182E-33 0.651950E-34 0.121262E-33 0.643665E-34
0.320627E+05 0.124629E-33 0.668968E-34 0.124626E-33 0.668927E-34 0.123696E-33 0.660550E-34
0.331131E+05 0.127107E-33 0.686316E-34 0.127104E-33 0.686277E-34 0.126166E-33 0.677805E-34
0.341979E+05 0.129622E-33 0.704041E-34 0.129619E-33 0.703998E-34 0.128672E-33 0.695437E-34
0.353183E+05 0.132174E-33 0.722151E-34 0.132171E-33 0.722107E-34 0.131215E-33 0.713452E-34
0.364754E+05 0.134763E-33 0.740649E-34 0.134760E-33 0.740621E-34 0.133796E-33 0.731856E-34
0.376704E+05 0.137390E-33 0.759543E-34 0.137387E-33 0.759512E-34 0.136414E-33 0.750655E-34
0.389045E+05 0.140055E-33 0.778839E-34 0.140052E-33 0.778814E-34 0.139071E-33 0.769854E-34
0.401791E+05 0.142759E-33 0.798543E-34 0.142754E-33 0.798498E-34 0.141766E-33 0.789461E-34
0.414954E+05 0.145502E-33 0.818662E-34 0.145497E-33 0.818639E-34 0.144500E-33 0.809481E-34
0.428549E+05 0.148285E-33 0.839200E-34 0.148279E-33 0.839155E-34 0.147273E-33 0.829922E-34
0.442588E+05 0.151107E-33 0.860167E-34 0.151103E-33 0.860121E-34 0.150087E-33 0.850789E-34
0.457088E+05 0.153970E-33 0.881567E-34 0.153967E-33 0.881520E-34 0.152940E-33 0.872088E-34
0.472063E+05 0.156873E-33 0.903407E-34 0.156868E-33 0.903381E-34 0.155834E-33 0.893826E-34
0.487528E+05 0.159818E-33 0.925693E-34 0.159815E-33 0.925665E-34 0.158770E-33 0.916009E-34
0.503501E+05 0.162804E-33 0.948432E-34 0.162800E-33 0.948403E-34 0.161747E-33 0.938646E-34
0.519996E+05 0.165833E-33 0.971630E-34 0.165830E-33 0.971602E-34 0.164766E-33 0.961741E-34
0.537032E+05 0.168904E-33 0.995295E-34 0.168901E-33 0.995265E-34 0.167827E-33 0.985301E-34
0.554626E+05 0.172018E-33 0.101943E-33 0.172016E-33 0.101940E-33 0.170932E-33 0.100933E-33
0.572796E+05 0.175177E-33 0.104406E-33 0.175173E-33 0.104401E-33 0.174080E-33 0.103384E-33
0.591562E+05 0.178379E-33 0.106916E-33 0.178376E-33 0.106911E-33 0.177273E-33 0.105884E-33
0.610942E+05 0.181626E-33 0.109475E-33 0.181623E-33 0.109472E-33 0.180510E-33 0.108433E-33
0.630957E+05 0.184918E-33 0.112085E-33 0.184915E-33 0.112080E-33 0.183791E-33 0.111032E-33
0.651628E+05 0.188257E-33 0.114746E-33 0.188251E-33 0.114742E-33 0.187120E-33 0.113682E-33
0.672977E+05 0.191641E-33 0.117458E-33 0.191638E-33 0.117453E-33 0.190494E-33 0.116382E-33
0.695024E+05 0.195072E-33 0.120222E-33 0.195069E-33 0.120219E-33 0.193915E-33 0.119135E-33
0.717794E+05 0.198551E-33 0.123039E-33 0.198547E-33 0.123036E-33 0.197383E-33 0.121941E-33
0.741310E+05 0.202077E-33 0.125910E-33 0.202074E-33 0.125906E-33 0.200899E-33 0.124800E-33
0.765597E+05 0.205653E-33 0.128835E-33 0.205650E-33 0.128829E-33 0.204464E-33 0.127714E-33
0.790679E+05 0.209278E-33 0.131815E-33 0.209274E-33 0.131811E-33 0.208077E-33 0.130682E-33
0.816582E+05 0.212952E-33 0.134850E-33 0.212948E-33 0.134847E-33 0.211741E-33 0.133706E-33
0.843335E+05 0.216676E-33 0.137943E-33 0.216673E-33 0.137940E-33 0.215456E-33 0.136787E-33
0.870964E+05 0.220454E-33 0.141092E-33 0.220450E-33 0.141089E-33 0.219220E-33 0.139925E-33
0.899498E+05 0.224282E-33 0.144300E-33 0.224278E-33 0.144295E-33 0.223038E-33 0.143121E-33
0.928966E+05 0.228162E-33 0.147567E-33 0.228159E-33 0.147563E-33 0.226907E-33 0.146375E-33
0.959401E+05 0.232093E-33 0.150893E-33 0.232090E-33 0.150890E-33 0.230829E-33 0.149689E-33
0.990832E+05 0.236084E-33 0.154279E-33 0.236079E-33 0.154276E-33 0.234805E-33 0.153063E-33
0.102329E+06 0.240126E-33 0.157727E-33 0.240121E-33 0.157723E-33 0.238835E-33 0.156498E-33
0.105682E+06 0.244223E-33 0.161237E-33 0.244219E-33 0.161232E-33 0.242920E-33 0.159995E-33
0.109144E+06 0.248377E-33 0.164809E-33 0.248370E-33 0.164805E-33 0.247063E-33 0.163555E-33
0.112720E+06 0.252587E-33 0.168445E-33 0.252582E-33 0.168441E-33 0.251260E-33 0.167178E-33
0.116413E+06 0.256854E-33 0.172145E-33 0.256850E-33 0.172139E-33 0.255516E-33 0.170866E-33
0.120226E+06 0.261180E-33 0.175910E-33 0.261176E-33 0.175906E-33 0.259830E-33 0.174618E-33
0.124165E+06 0.265564E-33 0.179742E-33 0.265561E-33 0.179738E-33 0.264202E-33 0.178437E-33
0.128233E+06 0.270009E-33 0.183640E-33 0.270003E-33 0.183634E-33 0.268634E-33 0.182322E-33
0.132434E+06 0.274514E-33 0.187606E-33 0.274510E-33 0.187602E-33 0.273127E-33 0.186275E-33
0.136773E+06 0.279080E-33 0.191641E-33 0.279077E-33 0.191637E-33 0.277681E-33 0.190296E-33
0.141254E+06 0.283709E-33 0.195745E-33 0.283705E-33 0.195738E-33 0.282297E-33 0.194386E-33
0.145881E+06 0.288401E-33 0.199919E-33 0.288397E-33 0.199915E-33 0.286976E-33 0.198547E-33
0.150661E+06 0.293156E-33 0.204164E-33 0.293153E-33 0.204159E-33 0.291719E-33 0.202779E-33
0.155597E+06 0.297977E-33 0.208482E-33 0.297973E-33 0.208478E-33 0.296526E-33 0.207082E-33
0.160694E+06 0.302863E-33 0.212872E-33 0.302859E-33 0.212867E-33 0.301398E-33 0.211459E-33
0.165959E+06 0.307816E-33 0.217336E-33 0.307812E-33 0.217332E-33 0.306338E-33 0.215908E-33
0.171396E+06 0.312836E-33 0.221875E-33 0.312832E-33 0.221871E-33 0.311345E-33 0.220434E-33
0.177011E+06 0.317924E-33 0.226490E-33 0.317920E-33 0.226486E-33 0.316419E-33 0.225034E-33
0.182810E+06 0.323081E-33 0.231180E-33 0.323077E-33 0.231176E-33 0.321563E-33 0.229711E-33
0.188799E+06 0.328310E-33 0.235949E-33 0.328306E-33 0.235945E-33 0.326777E-33 0.234465E-33
0.194984E+06 0.333608E-33 0.240796E-33 0.333604E-33 0.240792E-33 0.332062E-33 0.239297E-33
0.201372E+06 0.338979E-33 0.245722E-33 0.338972E-33 0.245719E-33 0.337419E-33 0.244209E-33
0.207970E+06 0.344423E-33 0.250730E-33 0.344419E-33 0.250723E-33 0.342847E-33 0.249201E-33
0.214783E+06 0.349942E-33 0.255818E-33 0.349939E-33 0.255811E-33 0.348353E-33 0.254275E-33
0.221820E+06 0.355535E-33 0.260988E-33 0.355531E-33 0.260984E-33 0.353931E-33 0.259430E-33
0.229087E+06 0.361204E-33 0.266242E-33 0.361197E-33 0.266238E-33 0.359586E-33 0.264669E-33
0.236592E+06 0.366951E-33 0.271581E-33 0.366947E-33 0.271576E-33 0.365318E-33 0.269992E-33
0.244343E+06 0.372776E-33 0.277004E-33 0.372771E-33 0.277000E-33 0.371128E-33 0.275400E-33
0.252348E+06 0.378680E-33 0.282514E-33 0.378674E-33 0.282510E-33 0.377017E-33 0.280894E-33
0.260615E+06 0.384664E-33 0.288112E-33 0.384660E-33 0.288107E-33 0.382986E-33 0.286475E-33
0.269153E+06 0.390730E-33 0.293798E-33 0.390725E-33 0.293790E-33 0.389037E-33 0.292146E-33
0.277971E+06 0.396878E-33 0.299573E-33 0.396873E-33 0.299569E-33 0.395170E-33 0.297906E-33
0.287078E+06 0.403109E-33 0.305440E-33 0.403105E-33 0.305435E-33 0.401386E-33 0.303756E-33
0.296483E+06 0.409426E-33 0.311397E-33 0.409422E-33 0.311392E-33 0.407686E-33 0.309697E-33
0.306196E+06 0.415828E-33 0.317447E-33 0.415824E-33 0.317442E-33 0.414073E-33 0.315732E-33
0.316228E+06 0.422318E-33 0.323592E-33 0.422313E-33 0.323586E-33 0.420546E-33 0.321860E-33
0.326588E+06 0.428893E-33 0.329831E-33 0.428889E-33 0.329827E-33 0.427108E-33 0.328082E-33
0.337287E+06 0.435562E-33 0.336167E-33 0.435557E-33 0.336162E-33 0.433758E-33 0.334401E-33
0.348337E+06 0.442320E-33 0.342600E-33 0.442315E-33 0.342595E-33 0.440500E-33 0.340817E-33
0.359749E+06 0.449169E-33 0.349131E-33 0.449164E-33 0.349126E-33 0.447333E-33 0.347331E-33
0.371535E+06 0.456111E-33 0.355761E-33 0.456106E-33 0.355757E-33 0.454258E-33 0.353945E-33
0.383707E+06 0.463147E-33 0.362493E-33 0.463143E-33 0.362488E-33 0.461278E-33 0.360659E-33
0.396278E+06 0.470280E-33 0.369327E-33 0.470275E-33 0.369322E-33 0.468393E-33 0.367476E-33
0.409261E+06 0.477508E-33 0.376264E-33 0.477503E-33 0.376258E-33 0.475605E-33 0.374394E-33
0.422669E+06 0.484835E-33 0.383304E-33 0.484830E-33 0.383300E-33 0.482914E-33 0.381418E-33
0.436516E+06 0.492261E-33 0.390451E-33 0.492255E-33 0.390446E-33 0.490322E-33 0.388546E-33
0.450817E+06 0.499788E-33 0.397704E-33 0.499783E-33 0.397700E-33 0.497832E-33 0.395782E-33
0.465586E+06 0.507417E-33 0.405065E-33 0.507412E-33 0.405061E-33 0.505443E-33 0.403125E-33
0.480839E+06 0.515148E-33 0.412536E-33 0.515143E-33 0.412532E-33 0.513158E-33 0.410578E-33
0.496592E+06 0.522985E-33 0.420118E-33 0.522980E-33 0.420113E-33 0.520976E-33 0.418141E-33
0.512861E+06 0.530928E-33 0.427811E-33 0.530923E-33 0.427806E-33 0.528901E-33 0.425816E-33
0.529663E+06 0.538979E-33 0.435618E-33 0.538974E-33 0.435613E-33 0.536932E-33 0.433604E-33
0.547016E+06 0.547137E-33 0.443540E-33 0.547132E-33 0.443535E-33 0.545073E-33 0.441507E-33
0.564937E+06 0.555406E-33 0.451576E-33 0.555401E-33 0.451571E-33 0.553324E-33 0.449525E-33
0.583445E+06 0.563787E-33 0.459731E-33 0.563782E-33 0.459726E-33 0.561686E-33 0.457660E-33
0.602560E+06 0.572281E-33 0.468004E-33 0.572272E-33 0.467999E-33 0.570160E-33 0.465914E-33
0.622300E+06 0.580889E-33 0.476397E-33 0.580882E-33 0.476391E-33 0.578750E-33 0.474287E-33
0.642688E+06 0.589613E-33 0.484910E-33 0.589608E-33 0.484905E-33 0.587455E-33 0.482782E-33
0.663743E+06 0.598455E-33 0.493551E-33 0.598450E-33 0.493547E-33 0.596277E-33 0.491399E-33
0.685488E+06 0.607415E-33 0.502309E-33 0.607410E-33 0.502303E-33 0.605219E-33 0.500141E-33
0.707946E+06 0.616497E-33 0.511197E-33 0.616492E-33 0.511191E-33 0.614280E-33 0.509008E-33
0.731139E+06 0.625701E-33 0.520211E-33 0.625696E-33 0.520206E-33 0.623464E-33 0.518002E-33
0.755092E+06 0.635028E-33 0.529354E-33 0.635023E-33 0.529349E-33 0.632771E-33 0.527125E-33
0.779830E+06 0.644481E-33 0.538627E-33 0.644475E-33 0.538622E-33 0.642203E-33 0.536377E-33
0.805378E+06 0.654059E-33 0.548031E-33 0.654054E-33 0.548025E-33 0.651761E-33 0.545760E-33
0.831764E+06 0.663766E-33 0.557569E-33 0.663761E-33 0.557564E-33 0.661449E-33 0.555277E-33
0.859014E+06 0.673603E-33 0.567241E-33 0.673598E-33 0.567234E-33 0.671265E-33 0.564929E-33
0.887156E+06 0.683572E-33 0.577049E-33 0.683567E-33 0.577044E-33 0.681214E-33 0.574716E-33
0.916220E+06 0.693674E-33 0.586995E-33 0.693668E-33 0.586990E-33 0.691294E-33 0.584641E-33
0.946237E+06 0.703911E-33 0.597081E-33 0.703905E-33 0.597076E-33 0.701511E-33 0.594705E-33
0.977237E+06 0.714285E-33 0.607308E-33 0.714279E-33 0.607302E-33 0.711863E-33 0.604910E-33
0.100925E+07 0.724796E-33 0.617677E-33 0.724790E-33 0.617671E-33 0.722353E-33 0.615257E-33
0.104232E+07 0.735447E-33 0.628189E-33 0.735441E-33 0.628184E-33 0.732983E-33 0.625748E-33
0.107647E+07 0.746242E-33 0.638849E-33 0.746236E-33 0.638844E-33 0.743756E-33 0.636386E-33
0.111173E+07 0.757180E-33 0.649656E-33 0.757174E-33 0.649650E-33 0.754670E-33 0.647170E-33
0.114815E+07 0.768263E-33 0.660613E-33 0.768257E-33 0.660607E-33 0.765731E-33 0.658104E-33
0.118577E+07 0.779491E-33 0.671718E-33 0.779485E-33 0.671712E-33 0.776937E-33 0.669188E-33
0.122462E+07 0.790869E-33 0.682978E-33 0.790863E-33 0.682972E-33 0.788292E-33 0.680425E-33
0.126474E+07 0.802399E-33 0.694392E-33 0.802393E-33 0.694386E-33 0.799799E-33 0.691815E-33
0.130617E+07 0.814079E-33 0.705962E-33 0.814073E-33 0.705956E-33 0.811457E-33 0.703362E-33
0.134896E+07 0.825915E-33 0.717690E-33 0.825909E-33 0.717683E-33 0.823270E-33 0.715066E-33
0.139316E+07 0.837907E-33 0.729578E-33 0.837901E-33 0.729572E-33 0.835239E-33 0.726931E-33
0.143880E+07 0.850057E-33 0.741628E-33 0.850051E-33 0.741622E-33 0.847365E-33 0.738957E-33
0.148594E+07 0.862366E-33 0.753840E-33 0.862360E-33 0.753834E-33 0.859651E-33 0.751145E-33
0.153462E+07 0.874838E-33 0.766219E-33 0.874832E-33 0.766213E-33 0.872099E-33 0.763500E-33
0.158489E+07 0.887473E-33 0.778764E-33 0.887467E-33 0.778758E-33 0.884711E-33 0.776021E-33
0.163682E+07 0.900275E-33 0.791477E-33 0.900269E-33 0.791471E-33 0.897488E-33 0.788709E-33
0.169044E+07 0.913244E-33 0.804362E-33 0.913238E-33 0.804356E-33 0.910431E-33 0.801569E-33
0.174582E+07 0.926382E-33 0.817419E-33 0.926376E-33 0.817413E-33 0.923546E-33 0.814602E-33
0.180302E+07 0.939694E-33 0.830654E-33 0.939687E-33 0.830647E-33 0.936833E-33 0.827811E-33
0.186209E+07 0.953179E-33 0.844062E-33 0.953172E-33 0.844055E-33 0.950292E-33 0.841194E-33
0.192309E+07 0.966839E-33 0.857650E-33 0.966833E-33 0.857643E-33 0.963928E-33 0.854757E-33
0.198609E+07 0.980678E-33 0.871419E-33 0.980672E-33 0.871412E-33 0.977741E-33 0.868500E-33
0.205116E+07 0.994696E-33 0.885371E-33 0.994690E-33 0.885364E-33 0.991733E-33 0.882426E-33
0.211836E+07 0.100890E-32 0.899506E-33 0.100889E-32 0.899500E-33 0.100591E-32 0.896537E-33
0.218776E+07 0.102328E-32 0.913830E-33 0.102327E-32 0.913823E-33 0.102027E-32 0.910833E-33
0.225944E+07 0.103785E-32 0.928342E-33 0.103785E-32 0.928336E-33 0.103481E-32 0.925319E-33
0.233346E+07 0.105263E-32 0.943045E-33 0.105262E-32 0.943039E-33 0.104955E-32 0.939997E-33
0.240991E+07 0.106756E-32 0.957943E-33 0.106756E-32 0.957936E-33 0.106447E-32 0.954866E-33
0.248886E+07 0.108271E-32 0.973035E-33 0.108270E-32 0.973028E-33 0.107959E-32 0.969931E-33
0.257040E+07 0.109805E-32 0.988326E-33 0.109804E-32 0.988319E-33 0.109490E-32 0.985194E-33
0.265461E+07 0.111359E-32 0.100381E-32 0.111358E-32 0.100381E-32 0.111041E-32 0.100066E-32
0.274157E+07 0.112932E-32 0.101951E-32 0.112932E-32 0.101950E-32 0.112612E-32 0.101632E-32
0.283139E+07 0.114526E-32 0.103540E-32 0.114525E-32 0.103540E-32 0.114203E-32 0.103219E-32
0.292415E+07 0.116140E-32 0.105149E-32 0.116140E-32 0.105149E-32 0.115815E-32 0.104826E-32
0.301995E+07 0.117775E-32 0.106781E-32 0.117775E-32 0.106781E-32 0.117447E-32 0.106455E-32
0.311889E+07 0.119431E-32 0.108434E-32 0.119430E-32 0.108433E-32 0.119100E-32 0.108104E-32
0.322107E+07 0.121108E-32 0.110107E-32 0.121107E-32 0.110107E-32 0.120774E-32 0.109774E-32
0.332660E+07 0.122807E-32 0.111802E-32 0.122806E-32 0.111802E-32 0.122469E-32 0.111467E-32
0.343558E+07 0.124527E-32 0.113519E-32 0.124526E-32 0.113519E-32 0.124187E-32 0.113181E-32
0.354813E+07 0.126269E-32 0.115258E-32 0.126268E-32 0.115258E-32 0.125926E-32 0.114917E-32
0.366438E+07 0.128033E-32 0.117020E-32 0.128032E-32 0.117019E-32 0.127687E-32 0.116675E-32
0.378443E+07 0.129819E-32 0.118804E-32 0.129819E-32 0.118803E-32 0.129470E-32 0.118456E-32
0.390841E+07 0.131628E-32 0.120610E-32 0.131627E-32 0.120609E-32 0.131276E-32 0.120260E-32
0.403645E+07 0.133460E-32 0.122440E-32 0.133459E-32 0.122439E-32 0.133105E-32 0.122086E-32
0.416869E+07 0.135316E-32 0.124293E-32 0.135315E-32 0.124292E-32 0.134957E-32 0.123936E-32
0.430527E+07 0.137194E-32 0.126169E-32 0.137193E-32 0.126169E-32 0.136833E-32 0.125810E-32
0.444631E+07 0.139096E-32 0.128070E-32 0.139095E-32 0.128069E-32 0.138732E-32 0.127707E-32
0.459198E+07 0.141022E-32 0.129994E-32 0.141021E-32 0.129993E-32 0.140655E-32 0.129628E-32
0.474242E+07 0.142972E-32 0.131943E-32 0.142972E-32 0.131942E-32 0.142602E-32 0.131574E-32
0.489779E+07 0.144947E-32 0.133916E-32 0.144946E-32 0.133915E-32 0.144574E-32 0.133544E-32
0.505825E+07 0.146947E-32 0.135914E-32 0.146946E-32 0.135914E-32 0.146570E-32 0.135539E-32
0.522396E+07 0.148973E-32 0.137938E-32 0.148972E-32 0.137937E-32 0.148591E-32 0.137559E-32
0.539511E+07 0.151021E-32 0.139986E-32 0.151020E-32 0.139986E-32 0.150637E-32 0.139604E-32
0.557186E+07 0.153096E-32 0.142061E-32 0.153095E-32 0.142060E-32 0.152710E-32 0.141676E-32
0.575440E+07 0.155197E-32 0.144161E-32 0.155196E-32 0.144160E-32 0.154807E-32 0.143773E-32
0.594292E+07 0.157324E-32 0.146288E-32 0.157324E-32 0.146287E-32 0.156931E-32 0.145896E-32
0.613762E+07 0.159478E-32 0.148441E-32 0.159477E-32 0.148440E-32 0.159082E-32 0.148046E-32
0.633870E+07 0.161658E-32 0.150621E-32 0.161658E-32 0.150620E-32 0.161259E-32 0.150222E-32
0.654636E+07 0.163865E-32 0.152827E-32 0.163865E-32 0.152827E-32 0.163462E-32 0.152425E-32
0.676083E+07 0.166100E-32 0.155062E-32 0.166099E-32 0.155061E-32 0.165694E-32 0.154656E-32
0.698232E+07 0.168362E-32 0.157324E-32 0.168361E-32 0.157323E-32 0.167952E-32 0.156915E-32
0.721107E+07 0.170652E-32 0.159614E-32 0.170651E-32 0.159613E-32 0.170239E-32 0.159201E-32
0.744732E+07 0.172971E-32 0.161932E-32 0.172970E-32 0.161931E-32 0.172554E-32 0.161516E-32
0.769130E+07 0.175317E-32 0.164279E-32 0.175317E-32 0.164278E-32 0.174897E-32 0.163859E-32
0.794328E+07 0.177693E-32 0.166654E-32 0.177692E-32 0.166654E-32 0.177269E-32 0.166231E-32
0.820352E+07 0.180098E-32 0.169059E-32 0.180097E-32 0.169058E-32 0.179670E-32 0.168632E-32
0.847227E+07 0.182531E-32 0.171494E-32 0.182531E-32 0.171493E-32 0.182100E-32 0.171063E-32
0.874984E+07 0.184995E-32 0.173958E-32 0.184994E-32 0.173957E-32 0.184560E-32 0.173524E-32
0.903649E+07 0.187489E-32 0.176452E-32 0.187488E-32 0.176451E-32 0.187050E-32 0.176014E-32
0.933254E+07 0.190013E-32 0.178977E-32 0.190012E-32 0.178976E-32 0.189571E-32 0.178535E-32
0.963829E+07 0.192568E-32 0.181532E-32 0.192567E-32 0.181531E-32 0.192122E-32 0.181087E-32
0.995405E+07 0.195153E-32 0.184118E-32 0.195153E-32 0.184118E-32 0.194703E-32 0.183670E-32
0.102802E+08 0.197771E-32 0.186736E-32 0.197770E-32 0.186736E-32 0.197317E-32 0.186284E-32
0.106170E+08 0.200420E-32 0.189386E-32 0.200419E-32 0.189385E-32 0.199962E-32 0.188929E-32
0.109648E+08 0.203101E-32 0.192068E-32 0.203100E-32 0.192067E-32 0.202639E-32 0.191607E-32
0.113240E+08 0.205814E-32 0.194782E-32 0.205813E-32 0.194781E-32 0.205348E-32 0.194318E-32
0.116950E+08 0.208560E-32 0.197529E-32 0.208559E-32 0.197528E-32 0.208090E-32 0.197060E-32
0.120781E+08 0.211338E-32 0.200309E-32 0.211338E-32 0.200308E-32 0.210865E-32 0.199836E-32
0.124738E+08 0.214151E-32 0.203122E-32 0.214150E-32 0.203121E-32 0.213673E-32 0.202646E-32
0.128825E+08 0.216997E-32 0.205970E-32 0.216996E-32 0.205969E-32 0.216516E-32 0.205489E-32
0.133045E+08 0.219877E-32 0.208851E-32 0.219876E-32 0.208850E-32 0.219392E-32 0.208366E-32
0.137404E+08 0.222792E-32 0.211768E-32 0.222791E-32 0.211767E-32 0.222302E-32 0.211278E-32
0.141906E+08 0.225741E-32 0.214717E-32 0.225740E-32 0.214716E-32 0.225247E-32 0.214224E-32
0.146555E+08 0.228726E-32 0.217703E-32 0.228725E-32 0.217702E-32 0.228228E-32 0.217206E-32
0.151356E+08 0.231746E-32 0.220725E-32 0.231745E-32 0.220724E-32 0.231244E-32 0.220223E-32
0.156315E+08 0.234802E-32 0.223782E-32 0.234801E-32 0.223781E-32 0.234296E-32 0.223277E-32
0.161436E+08 0.237895E-32 0.226876E-32 0.237894E-32 0.226875E-32 0.237384E-32 0.226366E-32
0.166725E+08 0.241024E-32 0.230006E-32 0.241022E-32 0.230005E-32 0.240508E-32 0.229492E-32
0.172187E+08 0.244190E-32 0.233174E-32 0.244189E-32 0.233173E-32 0.243670E-32 0.232655E-32
0.177828E+08 0.247394E-32 0.236379E-32 0.247392E-32 0.236378E-32 0.246870E-32 0.235856E-32
0.183654E+08 0.250635E-32 0.239622E-32 0.250634E-32 0.239621E-32 0.250106E-32 0.239094E-32
0.189671E+08 0.253914E-32 0.242903E-32 0.253913E-32 0.242902E-32 0.253381E-32 0.242371E-32
0.195884E+08 0.257232E-32 0.246223E-32 0.257231E-32 0.246222E-32 0.256695E-32 0.245686E-32
0.202302E+08 0.260589E-32 0.249581E-32 0.260588E-32 0.249580E-32 0.260048E-32 0.249041E-32
0.208930E+08 0.263986E-32 0.252980E-32 0.263985E-32 0.252979E-32 0.263440E-32 0.252434E-32
0.215774E+08 0.267423E-32 0.256418E-32 0.267421E-32 0.256417E-32 0.266871E-32 0.255868E-32
0.222844E+08 0.270899E-32 0.259896E-32 0.270898E-32 0.259895E-32 0.270343E-32 0.259341E-32
0.230144E+08 0.274416E-32 0.263415E-32 0.274415E-32 0.263414E-32 0.273856E-32 0.262856E-32
0.237684E+08 0.277975E-32 0.266975E-32 0.277973E-32 0.266974E-32 0.277409E-32 0.266411E-32
0.245471E+08 0.281574E-32 0.270577E-32 0.281573E-32 0.270576E-32 0.281004E-32 0.270008E-32
0.253513E+08 0.285216E-32 0.274222E-32 0.285215E-32 0.274221E-32 0.284641E-32 0.273646E-32
0.261818E+08 0.288900E-32 0.277906E-32 0.288899E-32 0.277905E-32 0.288320E-32 0.277327E-32
0.270396E+08 0.292627E-32 0.281635E-32 0.292625E-32 0.281633E-32 0.292042E-32 0.281051E-32
0.279254E+08 0.296396E-32 0.285406E-32 0.296395E-32 0.285405E-32 0.295807E-32 0.284817E-32
0.288403E+08 0.300210E-32 0.289222E-32 0.300209E-32 0.289220E-32 0.299615E-32 0.288628E-32
0.297852E+08 0.304067E-32 0.293081E-32 0.304066E-32 0.293080E-32 0.303468E-32 0.292482E-32
0.307610E+08 0.307970E-32 0.296985E-32 0.307969E-32 0.296984E-32 0.307365E-32 0.296381E-32
0.317687E+08 0.311916E-32 0.300934E-32 0.311915E-32 0.300932E-32 0.311307E-32 0.300325E-32
0.328095E+08 0.315909E-32 0.304928E-32 0.315907E-32 0.304927E-32 0.315294E-32 0.304314E-32
0.338844E+08 0.319947E-32 0.308969E-32 0.319946E-32 0.308967E-32 0.319327E-32 0.308349E-32
0.349945E+08 0.324032E-32 0.313055E-32 0.324031E-32 0.313054E-32 0.323406E-32 0.312431E-32
0.361410E+08 0.328163E-32 0.317189E-32 0.328162E-32 0.317187E-32 0.327532E-32 0.316558E-32
0.373250E+08 0.332343E-32 0.321370E-32 0.332341E-32 0.321369E-32 0.331705E-32 0.320734E-32
0.385478E+08 0.336568E-32 0.325598E-32 0.336567E-32 0.325597E-32 0.335927E-32 0.324957E-32
0.398107E+08 0.340843E-32 0.329876E-32 0.340842E-32 0.329874E-32 0.340196E-32 0.329228E-32
0.411150E+08 0.345166E-32 0.334200E-32 0.345165E-32 0.334198E-32 0.344514E-32 0.333548E-32
0.424620E+08 0.349539E-32 0.338574E-32 0.349537E-32 0.338573E-32 0.348881E-32 0.337917E-32
0.438531E+08 0.353961E-32 0.342999E-32 0.353960E-32 0.342998E-32 0.353297E-32 0.342336E-32
0.452898E+08 0.358433E-32 0.347473E-32 0.358432E-32 0.347472E-32 0.357764E-32 0.346804E-32
0.467735E+08 0.362956E-32 0.351998E-32 0.362955E-32 0.351997E-32 0.362281E-32 0.351324E-32
0.483059E+08 0.367531E-32 0.356575E-32 0.367530E-32 0.356574E-32 0.366850E-32 0.355895E-32
0.498884E+08 0.372157E-32 0.361203E-32 0.372155E-32 0.361201E-32 0.371470E-32 0.360517E-32
0.515229E+08 0.376834E-32 0.365883E-32 0.376833E-32 0.365882E-32 0.376142E-32 0.365191E-32
0.532108E+08 0.381566E-32 0.370616E-32 0.381564E-32 0.370615E-32 0.380867E-32 0.369918E-32
0.549541E+08 0.386350E-32 0.375402E-32 0.386348E-32 0.375401E-32 0.385645E-32 0.374699E-32
0.567545E+08 0.391188E-32 0.380243E-32 0.391187E-32 0.380242E-32 0.390477E-32 0.379532E-32
0.586138E+08 0.396080E-32 0.385138E-32 0.396079E-32 0.385136E-32 0.395363E-32 0.384421E-32
0.605341E+08 0.401027E-32 0.390086E-32 0.401026E-32 0.390085E-32 0.400304E-32 0.389364E-32
0.625173E+08 0.406031E-32 0.395091E-32 0.406030E-32 0.395090E-32 0.405301E-32 0.394363E-32
0.645654E+08 0.411088E-32 0.400152E-32 0.411087E-32 0.400150E-32 0.410353E-32 0.399417E-32
0.666807E+08 0.416203E-32 0.405269E-32 0.416202E-32 0.405268E-32 0.415461E-32 0.404528E-32
0.688652E+08 0.421375E-32 0.410443E-32 0.421373E-32 0.410442E-32 0.420626E-32 0.409696E-32
0.711214E+08 0.426604E-32 0.415675E-32 0.426603E-32 0.415674E-32 0.425850E-32 0.414921E-32
0.734514E+08 0.431892E-32 0.420965E-32 0.431890E-32 0.420964E-32 0.431131E-32 0.420205E-32
0.758578E+08 0.437238E-32 0.426314E-32 0.437237E-32 0.426312E-32 0.436471E-32 0.425547E-32
0.783430E+08 0.442644E-32 0.431722E-32 0.442643E-32 0.431721E-32 0.441870E-32 0.430948E-32
0.809096E+08 0.448110E-32 0.437190E-32 0.448108E-32 0.437188E-32 0.447329E-32 0.436410E-32
0.835603E+08 0.453636E-32 0.442719E-32 0.453634E-32 0.442717E-32 0.452848E-32 0.441931E-32
0.862979E+08 0.459222E-32 0.448307E-32 0.459220E-32 0.448306E-32 0.458428E-32 0.447514E-32
0.891251E+08 0.464872E-32 0.453959E-32 0.464870E-32 0.453958E-32 0.464070E-32 0.453158E-32
0.920450E+08 0.470583E-32 0.459673E-32 0.470581E-32 0.459671E-32 0.469774E-32 0.458865E-32
0.950605E+08 0.476357E-32 0.465450E-32 0.476355E-32 0.465448E-32 0.475541E-32 0.464635E-32
0.981748E+08 0.482194E-32 0.471290E-32 0.482193E-32 0.471288E-32 0.481372E-32 0.470468E-32
0.101391E+09 0.488102E-32 0.477200E-32 0.488100E-32 0.477198E-32 0.487266E-32 0.476364E-32
0.104713E+09 0.494062E-32 0.483163E-32 0.494061E-32 0.483161E-32 0.493225E-32 0.482326E-32
0.108143E+09 0.500094E-32 0.489197E-32 0.500092E-32 0.489196E-32 0.499249E-32 0.488353E-32
0.111686E+09 0.506192E-32 0.495298E-32 0.506190E-32 0.495296E-32 0.505339E-32 0.494446E-32
0.115345E+09 0.512356E-32 0.501465E-32 0.512354E-32 0.501463E-32 0.511496E-32 0.500606E-32
0.119124E+09 0.518588E-32 0.507699E-32 0.518586E-32 0.507697E-32 0.517720E-32 0.506832E-32
0.123027E+09 0.524888E-32 0.514002E-32 0.524885E-32 0.514000E-32 0.524012E-32 0.513127E-32
0.127057E+09 0.531255E-32 0.520373E-32 0.531254E-32 0.520371E-32 0.530373E-32 0.519490E-32
0.131220E+09 0.537693E-32 0.526812E-32 0.537691E-32 0.526810E-32 0.536802E-32 0.525923E-32
0.135519E+09 0.544202E-32 0.533324E-32 0.544200E-32 0.533323E-32 0.543302E-32 0.532425E-32
0.139959E+09 0.550777E-32 0.539903E-32 0.550776E-32 0.539901E-32 0.549871E-32 0.538997E-32
0.144544E+09 0.557427E-32 0.546555E-32 0.557425E-32 0.546553E-32 0.556512E-32 0.545642E-32
0.149279E+09 0.564148E-32 0.553279E-32 0.564146E-32 0.553278E-32 0.563225E-32 0.552358E-32
0.154170E+09 0.570942E-32 0.560076E-32 0.570939E-32 0.560074E-32 0.570012E-32 0.559147E-32
0.159221E+09 0.577808E-32 0.566946E-32 0.577806E-32 0.566944E-32 0.576869E-32 0.566008E-32
0.164437E+09 0.584750E-32 0.573890E-32 0.584748E-32 0.573888E-32 0.583803E-32 0.572944E-32
0.169824E+09 0.591766E-32 0.580909E-32 0.591764E-32 0.580908E-32 0.590810E-32 0.579955E-32
0.175388E+09 0.598857E-32 0.588004E-32 0.598855E-32 0.588002E-32 0.597893E-32 0.587041E-32
0.181134E+09 0.606026E-32 0.595177E-32 0.606025E-32 0.595175E-32 0.605052E-32 0.594203E-32
0.187068E+09 0.613269E-32 0.602422E-32 0.613267E-32 0.602420E-32 0.612288E-32 0.601442E-32
0.193197E+09 0.620591E-32 0.609748E-32 0.620589E-32 0.609746E-32 0.619601E-32 0.608759E-32
0.199526E+09 0.627992E-32 0.617152E-32 0.627990E-32 0.617151E-32 0.626993E-32 0.616154E-32
0.206063E+09 0.635472E-32 0.624636E-32 0.635470E-32 0.624634E-32 0.634464E-32 0.623628E-32
0.212814E+09 0.643032E-32 0.632200E-32 0.643030E-32 0.632197E-32 0.642015E-32 0.631184E-32
0.219786E+09 0.650672E-32 0.639844E-32 0.650670E-32 0.639842E-32 0.649645E-32 0.638818E-32
0.226986E+09 0.658394E-32 0.647568E-32 0.658392E-32 0.647566E-32 0.657359E-32 0.646535E-32
0.234423E+09 0.666197E-32 0.655376E-32 0.666195E-32 0.655374E-32 0.665153E-32 0.654333E-32
0.242103E+09 0.674085E-32 0.663267E-32 0.674083E-32 0.663265E-32 0.673031E-32 0.662214E-32
0.250035E+09 0.682057E-32 0.671242E-32 0.682055E-32 0.671240E-32 0.680993E-32 0.670180E-32
0.258226E+09 0.690111E-32 0.679302E-32 0.690109E-32 0.679300E-32 0.689038E-32 0.678229E-32
0.266686E+09 0.698253E-32 0.687447E-32 0.698250E-32 0.687445E-32 0.697169E-32 0.686365E-32
0.275423E+09 0.706480E-32 0.695678E-32 0.706478E-32 0.695676E-32 0.705387E-32 0.694586E-32
0.284446E+09 0.714794E-32 0.703997E-32 0.714792E-32 0.703995E-32 0.713692E-32 0.702896E-32
0.293765E+09 0.723196E-32 0.712403E-32 0.723194E-32 0.712401E-32 0.722084E-32 0.711291E-32
0.303389E+09 0.731687E-32 0.720898E-32 0.731685E-32 0.720896E-32 0.730565E-32 0.719777E-32
0.313329E+09 0.740268E-32 0.729483E-32 0.740266E-32 0.729481E-32 0.739133E-32 0.728350E-32
0.323594E+09 0.748938E-32 0.738159E-32 0.748936E-32 0.738157E-32 0.747795E-32 0.737016E-32
0.334195E+09 0.757700E-32 0.746926E-32 0.757698E-32 0.746923E-32 0.756547E-32 0.745773E-32
0.345144E+09 0.766554E-32 0.755784E-32 0.766552E-32 0.755782E-32 0.765390E-32 0.754621E-32
0.356451E+09 0.775502E-32 0.764737E-32 0.775500E-32 0.764735E-32 0.774327E-32 0.763563E-32
0.368129E+09 0.784543E-32 0.773784E-32 0.784540E-32 0.773782E-32 0.783357E-32 0.772598E-32
0.380189E+09 0.793679E-32 0.782924E-32 0.793677E-32 0.782921E-32 0.792483E-32 0.781729E-32
0.392645E+09 0.802910E-32 0.792160E-32 0.802908E-32 0.792158E-32 0.801703E-32 0.790954E-32
0.405509E+09 0.812239E-32 0.801494E-32 0.812237E-32 0.801492E-32 0.811020E-32 0.800277E-32
0.418794E+09 0.821664E-32 0.810924E-32 0.821662E-32 0.810922E-32 0.820434E-32 0.809696E-32
0.432514E+09 0.831188E-32 0.820456E-32 0.831186E-32 0.820453E-32 0.829946E-32 0.819214E-32
0.446684E+09 0.840812E-32 0.830083E-32 0.840809E-32 0.830081E-32 0.839559E-32 0.828833E-32
0.461318E+09 0.850535E-32 0.839813E-32 0.850533E-32 0.839810E-32 0.849270E-32 0.838550E-32
0.476431E+09 0.860361E-32 0.849644E-32 0.860359E-32 0.849641E-32 0.859083E-32 0.848369E-32
0.492040E+09 0.870287E-32 0.859577E-32 0.870284E-32 0.859574E-32 0.868998E-32 0.858290E-32
0.508159E+09 0.880318E-32 0.869613E-32 0.880315E-32 0.869611E-32 0.879017E-32 0.868315E-32
0.524807E+09 0.890452E-32 0.879754E-32 0.890449E-32 0.879752E-32 0.889140E-32 0.878444E-32
0.542001E+09 0.900691E-32 0.890003E-32 0.900688E-32 0.890000E-32 0.899367E-32 0.888679E-32
0.559758E+09 0.911037E-32 0.900353E-32 0.911035E-32 0.900350E-32 0.909699E-32 0.899017E-32
0.578096E+09 0.921489E-32 0.910813E-32 0.921487E-32 0.910811E-32 0.920140E-32 0.909465E-32
0.597035E+09 0.932052E-32 0.921381E-32 0.932049E-32 0.921379E-32 0.930687E-32 0.920019E-32
0.616595E+09 0.942720E-32 0.932057E-32 0.942717E-32 0.932054E-32 0.941345E-32 0.930684E-32
0.636796E+09 0.953510E-32 0.942842E-32 0.953508E-32 0.942840E-32 0.952111E-32 0.941458E-32
0.657658E+09 0.964390E-32 0.953743E-32 0.964388E-32 0.953740E-32 0.962989E-32 0.952344E-32
0.679204E+09 0.975396E-32 0.964754E-32 0.975393E-32 0.964752E-32 0.973981E-32 0.963343E-32
0.701455E+09 0.986511E-32 0.975879E-32 0.986508E-32 0.975876E-32 0.985084E-32 0.974454E-32
0.724436E+09 0.997742E-32 0.987118E-32 0.997740E-32 0.987116E-32 0.996302E-32 0.985680E-32
0.748170E+09 0.100909E-31 0.998473E-32 0.100909E-31 0.998470E-32 0.100763E-31 0.997021E-32
0.772681E+09 0.102055E-31 0.100995E-31 0.102055E-31 0.100994E-31 0.101908E-31 0.100848E-31
0.797995E+09 0.103213E-31 0.102153E-31 0.103213E-31 0.102153E-31 0.103065E-31 0.102005E-31
0.824138E+09 0.104383E-31 0.103324E-31 0.104383E-31 0.103324E-31 0.104234E-31 0.103175E-31
0.851138E+09 0.105565E-31 0.104507E-31 0.105565E-31 0.104507E-31 0.105414E-31 0.104356E-31
0.879023E+09 0.106759E-31 0.105702E-31 0.106759E-31 0.105702E-31 0.106607E-31 0.105550E-31
0.907821E+09 0.107965E-31 0.106909E-31 0.107965E-31 0.106909E-31 0.107811E-31 0.106756E-31
0.937562E+09 0.109184E-31 0.108129E-31 0.109184E-31 0.108129E-31 0.109029E-31 0.107974E-31
0.968278E+09 0.110414E-31 0.109361E-31 0.110414E-31 0.109360E-31 0.110258E-31 0.109204E-31
0.100000E+10 0.111659E-31 0.110605E-31 0.111658E-31 0.110605E-31 0.111500E-31 0.110447E-31
