0.100000E+03 0.465784E-36 0.415977E-36 0.465036E-36 0.415328E-36 0.336915E-36 0.317218E-36
0.103276E+03 0.481249E-36 0.429500E-36 0.480115E-36 0.428844E-36 0.350395E-36 0.329384E-36
0.106660E+03 0.496818E-36 0.443466E-36 0.495679E-36 0.442806E-36 0.364351E-36 0.341976E-36
0.110154E+03 0.512892E-36 0.457887E-36 0.511747E-36 0.457211E-36 0.378799E-36 0.355010E-36
0.113763E+03 0.529487E-36 0.472779E-36 0.528335E-36 0.472106E-36 0.393757E-36 0.368500E-36
0.117490E+03 0.546618E-36 0.488157E-36 0.545461E-36 0.487474E-36 0.409240E-36 0.382460E-36
0.121339E+03 0.564305E-36 0.504037E-36 0.563143E-36 0.503350E-36 0.425263E-36 0.396906E-36
0.125314E+03 0.582564E-36 0.520436E-36 0.581399E-36 0.519741E-36 0.441847E-36 0.411855E-36
0.129420E+03 0.601415E-36 0.537369E-36 0.600239E-36 0.536665E-36 0.459009E-36 0.427323E-36
0.133660E+03 0.620876E-36 0.554854E-36 0.619694E-36 0.554143E-36 0.476767E-36 0.443328E-36
0.138038E+03 0.640967E-36 0.572910E-36 0.639778E-36 0.572192E-36 0.495142E-36 0.459886E-36
0.142561E+03 0.661708E-36 0.591555E-36 0.660511E-36 0.590829E-36 0.514153E-36 0.477017E-36
0.147231E+03 0.683117E-36 0.610808E-36 0.681916E-36 0.610063E-36 0.533821E-36 0.494740E-36
0.152055E+03 0.705223E-36 0.630623E-36 0.704013E-36 0.629949E-36 0.554167E-36 0.513073E-36
0.157036E+03 0.728040E-36 0.651219E-36 0.726825E-36 0.650469E-36 0.575214E-36 0.532037E-36
0.162181E+03 0.751598E-36 0.672419E-36 0.750374E-36 0.671660E-36 0.596983E-36 0.551654E-36
0.167494E+03 0.775915E-36 0.694308E-36 0.774684E-36 0.693547E-36 0.619497E-36 0.571944E-36
0.172982E+03 0.801020E-36 0.716913E-36 0.799780E-36 0.716137E-36 0.642782E-36 0.592928E-36
0.178649E+03 0.826933E-36 0.740254E-36 0.825687E-36 0.739472E-36 0.666863E-36 0.614631E-36
0.184502E+03 0.853685E-36 0.764355E-36 0.852429E-36 0.763562E-36 0.691765E-36 0.637076E-36
0.190546E+03 0.881296E-36 0.789242E-36 0.880034E-36 0.788439E-36 0.717513E-36 0.660289E-36
0.196789E+03 0.909801E-36 0.814939E-36 0.908524E-36 0.814127E-36 0.744135E-36 0.684292E-36
0.203236E+03 0.939226E-36 0.841475E-36 0.937939E-36 0.840652E-36 0.771662E-36 0.709113E-36
0.209894E+03 0.969596E-36 0.868872E-36 0.968302E-36 0.868041E-36 0.800117E-36 0.734779E-36
0.216770E+03 0.100095E-35 0.897163E-36 0.999653E-36 0.896317E-36 0.829536E-36 0.761317E-36
0.223872E+03 0.103331E-35 0.926375E-36 0.103201E-35 0.925516E-36 0.859946E-36 0.788754E-36
0.231206E+03 0.106671E-35 0.956541E-36 0.106540E-35 0.955681E-36 0.891382E-36 0.817122E-36
0.238781E+03 0.110119E-35 0.987680E-36 0.109986E-35 0.986813E-36 0.923872E-36 0.846450E-36
0.246604E+03 0.113677E-35 0.101984E-35 0.113545E-35 0.101940E-35 0.957455E-36 0.876770E-36
0.254683E+03 0.117350E-35 0.105304E-35 0.117217E-35 0.105215E-35 0.992162E-36 0.908116E-36
0.263027E+03 0.121141E-35 0.108732E-35 0.121007E-35 0.108642E-35 0.102803E-35 0.940516E-36
0.271644E+03 0.125054E-35 0.112271E-35 0.124918E-35 0.112181E-35 0.106510E-35 0.974010E-36
0.280543E+03 0.129093E-35 0.115926E-35 0.128955E-35 0.115833E-35 0.110340E-35 0.100863E-35
0.289734E+03 0.133260E-35 0.119699E-35 0.133122E-35 0.119605E-35 0.114298E-35 0.104441E-35
0.299226E+03 0.137562E-35 0.123595E-35 0.137423E-35 0.123499E-35 0.118388E-35 0.108140E-35
0.309030E+03 0.142001E-35 0.127617E-35 0.141862E-35 0.127520E-35 0.122612E-35 0.111963E-35
0.319154E+03 0.146583E-35 0.131770E-35 0.146442E-35 0.131674E-35 0.126978E-35 0.115913E-35
0.329610E+03 0.151310E-35 0.136056E-35 0.151169E-35 0.135959E-35 0.131487E-35 0.119996E-35
0.340408E+03 0.156190E-35 0.140483E-35 0.156047E-35 0.140384E-35 0.136147E-35 0.124216E-35
0.351560E+03 0.161225E-35 0.145052E-35 0.161081E-35 0.144952E-35 0.140960E-35 0.128576E-35
0.363078E+03 0.166420E-35 0.149769E-35 0.166275E-35 0.149668E-35 0.145930E-35 0.133082E-35
0.374973E+03 0.171782E-35 0.154639E-35 0.171635E-35 0.154537E-35 0.151064E-35 0.137738E-35
0.387258E+03 0.177314E-35 0.159667E-35 0.177166E-35 0.159563E-35 0.156366E-35 0.142549E-35
0.399945E+03 0.183023E-35 0.164857E-35 0.182873E-35 0.164751E-35 0.161843E-35 0.147519E-35
0.413048E+03 0.188913E-35 0.170214E-35 0.188762E-35 0.170107E-35 0.167499E-35 0.152654E-35
0.426580E+03 0.194990E-35 0.175745E-35 0.194838E-35 0.175637E-35 0.173340E-35 0.157961E-35
0.440555E+03 0.201260E-35 0.181454E-35 0.201106E-35 0.181344E-35 0.179371E-35 0.163442E-35
0.454988E+03 0.207729E-35 0.187347E-35 0.207576E-35 0.187236E-35 0.185599E-35 0.169106E-35
0.469894E+03 0.214403E-35 0.193430E-35 0.214247E-35 0.193318E-35 0.192029E-35 0.174955E-35
0.485289E+03 0.221289E-35 0.199709E-35 0.221133E-35 0.199596E-35 0.198669E-35 0.180999E-35
0.501187E+03 0.228392E-35 0.206190E-35 0.228234E-35 0.206075E-35 0.205523E-35 0.187241E-35
0.517607E+03 0.235719E-35 0.212879E-35 0.235561E-35 0.212763E-35 0.212598E-35 0.193689E-35
0.534564E+03 0.243278E-35 0.219784E-35 0.243118E-35 0.219665E-35 0.219904E-35 0.200349E-35
0.552077E+03 0.251075E-35 0.226903E-35 0.250913E-35 0.226790E-35 0.227444E-35 0.207227E-35
0.570164E+03 0.259118E-35 0.234265E-35 0.258954E-35 0.234143E-35 0.235227E-35 0.214331E-35
0.588844E+03 0.267413E-35 0.241854E-35 0.267249E-35 0.241731E-35 0.243260E-35 0.221668E-35
0.608135E+03 0.275968E-35 0.249688E-35 0.275804E-35 0.249562E-35 0.251551E-35 0.229245E-35
0.628058E+03 0.284792E-35 0.257771E-35 0.284625E-35 0.257646E-35 0.260107E-35 0.237069E-35
0.648634E+03 0.293893E-35 0.266114E-35 0.293725E-35 0.265987E-35 0.268937E-35 0.245149E-35
0.669885E+03 0.303277E-35 0.274722E-35 0.303109E-35 0.274594E-35 0.278049E-35 0.253492E-35
0.691831E+03 0.312955E-35 0.283606E-35 0.312785E-35 0.283476E-35 0.287451E-35 0.262106E-35
0.714496E+03 0.322934E-35 0.292771E-35 0.322762E-35 0.292640E-35 0.297150E-35 0.271000E-35
0.737904E+03 0.333225E-35 0.302230E-35 0.333050E-35 0.302097E-35 0.307158E-35 0.280183E-35
0.762079E+03 0.343834E-35 0.311989E-35 0.343658E-35 0.311854E-35 0.317483E-35 0.289662E-35
0.787046E+03 0.354774E-35 0.322058E-35 0.354692E-35 0.321921E-35 0.328134E-35 0.299449E-35
0.812831E+03 0.366051E-35 0.332447E-35 0.365872E-35 0.332307E-35 0.339121E-35 0.309552E-35
0.839460E+03 0.377678E-35 0.343164E-35 0.377497E-35 0.343023E-35 0.350453E-35 0.319980E-35
0.866962E+03 0.389664E-35 0.354220E-35 0.389480E-35 0.354077E-35 0.362142E-35 0.330745E-35
0.895365E+03 0.402018E-35 0.365626E-35 0.401833E-35 0.365482E-35 0.374196E-35 0.341855E-35
0.924698E+03 0.414753E-35 0.377393E-35 0.414567E-35 0.377247E-35 0.386626E-35 0.353322E-35
0.954993E+03 0.427879E-35 0.389530E-35 0.427692E-35 0.389383E-35 0.399446E-35 0.365156E-35
0.986279E+03 0.441406E-35 0.402049E-35 0.441218E-35 0.401900E-35 0.412664E-35 0.377369E-35
0.101859E+04 0.455347E-35 0.414963E-35 0.455158E-35 0.414810E-35 0.426292E-35 0.389972E-35
0.105196E+04 0.469714E-35 0.428281E-35 0.469523E-35 0.428129E-35 0.440342E-35 0.402976E-35
0.108643E+04 0.484518E-35 0.442016E-35 0.484325E-35 0.441861E-35 0.454826E-35 0.416394E-35
0.112202E+04 0.499772E-35 0.456182E-35 0.499576E-35 0.456025E-35 0.469756E-35 0.430239E-35
0.115878E+04 0.515489E-35 0.470790E-35 0.515289E-35 0.470631E-35 0.485146E-35 0.444522E-35
0.119674E+04 0.531680E-35 0.485855E-35 0.531479E-35 0.485694E-35 0.501007E-35 0.459257E-35
0.123595E+04 0.548360E-35 0.501388E-35 0.548161E-35 0.501225E-35 0.517354E-35 0.474458E-35
0.127644E+04 0.565543E-35 0.517406E-35 0.565342E-35 0.517242E-35 0.534199E-35 0.490138E-35
0.131826E+04 0.583241E-35 0.533919E-35 0.583039E-35 0.533753E-35 0.551556E-35 0.506311E-35
0.136144E+04 0.601468E-35 0.550945E-35 0.601265E-35 0.550777E-35 0.569440E-35 0.522992E-35
0.140605E+04 0.620241E-35 0.568496E-35 0.620036E-35 0.568327E-35 0.587866E-35 0.540195E-35
0.145211E+04 0.639574E-35 0.586590E-35 0.639366E-35 0.586418E-35 0.606847E-35 0.557936E-35
0.149968E+04 0.659481E-35 0.605241E-35 0.659270E-35 0.605067E-35 0.626397E-35 0.576231E-35
0.154882E+04 0.679977E-35 0.624466E-35 0.679764E-35 0.624225E-35 0.646535E-35 0.595095E-35
0.159956E+04 0.701079E-35 0.644280E-35 0.700865E-35 0.644102E-35 0.667274E-35 0.614545E-35
0.165196E+04 0.722803E-35 0.664701E-35 0.722586E-35 0.664521E-35 0.688631E-35 0.634597E-35
0.170608E+04 0.745165E-35 0.685746E-35 0.744946E-35 0.685564E-35 0.710623E-35 0.655269E-35
0.176198E+04 0.768182E-35 0.707433E-35 0.767960E-35 0.707248E-35 0.733266E-35 0.676579E-35
0.181970E+04 0.791871E-35 0.729779E-35 0.791648E-35 0.729668E-35 0.756577E-35 0.698543E-35
0.187932E+04 0.816251E-35 0.752803E-35 0.816026E-35 0.752616E-35 0.780574E-35 0.721182E-35
0.194089E+04 0.841336E-35 0.776526E-35 0.841111E-35 0.776335E-35 0.805273E-35 0.744514E-35
0.200447E+04 0.867148E-35 0.800964E-35 0.867026E-35 0.800771E-35 0.830696E-35 0.768558E-35
0.207014E+04 0.893703E-35 0.826139E-35 0.893581E-35 0.825944E-35 0.856857E-35 0.793332E-35
0.213796E+04 0.921021E-35 0.852070E-35 0.920789E-35 0.851872E-35 0.883776E-35 0.818861E-35
0.220800E+04 0.949121E-35 0.878779E-35 0.948887E-35 0.878579E-35 0.911476E-35 0.845162E-35
0.228034E+04 0.978024E-35 0.906285E-35 0.977786E-35 0.906083E-35 0.939973E-35 0.872257E-35
0.235505E+04 0.100775E-34 0.934613E-35 0.100751E-34 0.934408E-35 0.969285E-35 0.900168E-35
0.243220E+04 0.103831E-34 0.963781E-35 0.103807E-34 0.963577E-35 0.999436E-35 0.928916E-35
0.251189E+04 0.106974E-34 0.993817E-35 0.106949E-34 0.993609E-35 0.103044E-34 0.958524E-35
0.259418E+04 0.110205E-34 0.102474E-34 0.110181E-34 0.102453E-34 0.106233E-34 0.989017E-35
0.267917E+04 0.113526E-34 0.105657E-34 0.113502E-34 0.105636E-34 0.109512E-34 0.102041E-34
0.276694E+04 0.116940E-34 0.108934E-34 0.116916E-34 0.108913E-34 0.112883E-34 0.105275E-34
0.285759E+04 0.120449E-34 0.112307E-34 0.120424E-34 0.112286E-34 0.116348E-34 0.108603E-34
0.295121E+04 0.124055E-34 0.115779E-34 0.124030E-34 0.115757E-34 0.119910E-34 0.112030E-34
0.304789E+04 0.127759E-34 0.119351E-34 0.127735E-34 0.119329E-34 0.123571E-34 0.115557E-34
0.314775E+04 0.131567E-34 0.123027E-34 0.131541E-34 0.123005E-34 0.127333E-34 0.119187E-34
0.325087E+04 0.135478E-34 0.126810E-34 0.135452E-34 0.126787E-34 0.131199E-34 0.122923E-34
0.335738E+04 0.139495E-34 0.130702E-34 0.139469E-34 0.130679E-34 0.135170E-34 0.126768E-34
0.346737E+04 0.143620E-34 0.134705E-34 0.143594E-34 0.134682E-34 0.139249E-34 0.130724E-34
0.358096E+04 0.147857E-34 0.138823E-34 0.147831E-34 0.138799E-34 0.143440E-34 0.134794E-34
0.369828E+04 0.152208E-34 0.143058E-34 0.152181E-34 0.143035E-34 0.147743E-34 0.138981E-34
0.381944E+04 0.156675E-34 0.147414E-34 0.156659E-34 0.147390E-34 0.152162E-34 0.143288E-34
0.394457E+04 0.161260E-34 0.151893E-34 0.161244E-34 0.151869E-34 0.156700E-34 0.147718E-34
0.407380E+04 0.165967E-34 0.156499E-34 0.165950E-34 0.156474E-34 0.161358E-34 0.152274E-34
0.420727E+04 0.170797E-34 0.161233E-34 0.170781E-34 0.161218E-34 0.166139E-34 0.156958E-34
0.434510E+04 0.175754E-34 0.166101E-34 0.175726E-34 0.166085E-34 0.171047E-34 0.161774E-34
0.448745E+04 0.180840E-34 0.171104E-34 0.180812E-34 0.171079E-34 0.176083E-34 0.166726E-34
0.463447E+04 0.186058E-34 0.176245E-34 0.186030E-34 0.176220E-34 0.181251E-34 0.171816E-34
0.478630E+04 0.191411E-34 0.181530E-34 0.191382E-34 0.181504E-34 0.186552E-34 0.177047E-34
0.494311E+04 0.196901E-34 0.186959E-34 0.196872E-34 0.186933E-34 0.191991E-34 0.182424E-34
0.510505E+04 0.202531E-34 0.192537E-34 0.202503E-34 0.192511E-34 0.197570E-34 0.187949E-34
0.527230E+04 0.208304E-34 0.198268E-34 0.208275E-34 0.198242E-34 0.203291E-34 0.193625E-34
0.544503E+04 0.214223E-34 0.204154E-34 0.214194E-34 0.204128E-34 0.209157E-34 0.199457E-34
0.562341E+04 0.220291E-34 0.210200E-34 0.220262E-34 0.210173E-34 0.215171E-34 0.205447E-34
0.580764E+04 0.226510E-34 0.216408E-34 0.226481E-34 0.216381E-34 0.221337E-34 0.211600E-34
0.599791E+04 0.232884E-34 0.222783E-34 0.232854E-34 0.222756E-34 0.227656E-34 0.217919E-34
0.619441E+04 0.239415E-34 0.229327E-34 0.239385E-34 0.229300E-34 0.234133E-34 0.224407E-34
0.639735E+04 0.246107E-34 0.236046E-34 0.246077E-34 0.236018E-34 0.240770E-34 0.231068E-34
0.660693E+04 0.252963E-34 0.242942E-34 0.252932E-34 0.242914E-34 0.247569E-34 0.237906E-34
0.682339E+04 0.259985E-34 0.250019E-34 0.259954E-34 0.249992E-34 0.254535E-34 0.244926E-34
0.704693E+04 0.267176E-34 0.257282E-34 0.267146E-34 0.257254E-34 0.261670E-34 0.252129E-34
0.727780E+04 0.274541E-34 0.264734E-34 0.274510E-34 0.264705E-34 0.268977E-34 0.259522E-34
0.751623E+04 0.282082E-34 0.272379E-34 0.282051E-34 0.272350E-34 0.276460E-34 0.267106E-34
0.776247E+04 0.289802E-34 0.280220E-34 0.289770E-34 0.280190E-34 0.284121E-34 0.274888E-34
0.801678E+04 0.297704E-34 0.288263E-34 0.297672E-34 0.288234E-34 0.291964E-34 0.282869E-34
0.827942E+04 0.305791E-34 0.296511E-34 0.305760E-34 0.296482E-34 0.299992E-34 0.291055E-34
0.855067E+04 0.314068E-34 0.304969E-34 0.314036E-34 0.304939E-34 0.308208E-34 0.299450E-34
0.883080E+04 0.322537E-34 0.313640E-34 0.322504E-34 0.313609E-34 0.316616E-34 0.308058E-34
0.912011E+04 0.331201E-34 0.322529E-34 0.331168E-34 0.322497E-34 0.325218E-34 0.316882E-34
0.941890E+04 0.340063E-34 0.331638E-34 0.340030E-34 0.331607E-34 0.334019E-34 0.325929E-34
0.972747E+04 0.349128E-34 0.340974E-34 0.349094E-34 0.340942E-34 0.343021E-34 0.335200E-34
0.100462E+05 0.358397E-34 0.350541E-34 0.358364E-34 0.350508E-34 0.352228E-34 0.344701E-34
0.103753E+05 0.367875E-34 0.360343E-34 0.367842E-34 0.360311E-34 0.361644E-34 0.354437E-34
0.107152E+05 0.377567E-34 0.370383E-34 0.377533E-34 0.370349E-34 0.371270E-34 0.364411E-34
0.110662E+05 0.387474E-34 0.380668E-34 0.387440E-34 0.380632E-34 0.381113E-34 0.374628E-34
0.114288E+05 0.397600E-34 0.391201E-34 0.397566E-34 0.391167E-34 0.391173E-34 0.385093E-34
0.118032E+05 0.407948E-34 0.401985E-34 0.407914E-34 0.401951E-34 0.401456E-34 0.395809E-34
0.121899E+05 0.418524E-34 0.413028E-34 0.418501E-34 0.412994E-34 0.411964E-34 0.406783E-34
0.125893E+05 0.429328E-34 0.424332E-34 0.429293E-34 0.424310E-34 0.422702E-34 0.418017E-34
0.130017E+05 0.440367E-34 0.435902E-34 0.440344E-34 0.435878E-34 0.433672E-34 0.429516E-34
0.134276E+05 0.451642E-34 0.447743E-34 0.451606E-34 0.447708E-34 0.444879E-34 0.441287E-34
0.138676E+05 0.463158E-34 0.459860E-34 0.463121E-34 0.459825E-34 0.456326E-34 0.453332E-34
0.143219E+05 0.474919E-34 0.472257E-34 0.474882E-34 0.472239E-34 0.468017E-34 0.465657E-34
0.147911E+05 0.486927E-34 0.484939E-34 0.486888E-34 0.484902E-34 0.479955E-34 0.478266E-34
0.152757E+05 0.499187E-34 0.497911E-34 0.499148E-34 0.497873E-34 0.492144E-34 0.491164E-34
0.157761E+05 0.511703E-34 0.511177E-34 0.511683E-34 0.511141E-34 0.504589E-34 0.504357E-34
0.162930E+05 0.524479E-34 0.524744E-34 0.524439E-34 0.524706E-34 0.517292E-34 0.517847E-34
0.168267E+05 0.537518E-34 0.538612E-34 0.537477E-34 0.538589E-34 0.530258E-34 0.531642E-34
0.173780E+05 0.550823E-34 0.552793E-34 0.550784E-34 0.552755E-34 0.543490E-34 0.545744E-34
0.179473E+05 0.564401E-34 0.567286E-34 0.564360E-34 0.567248E-34 0.556994E-34 0.560161E-34
0.185353E+05 0.578252E-34 0.582097E-34 0.578213E-34 0.582073E-34 0.570771E-34 0.574896E-34
0.191426E+05 0.592384E-34 0.597233E-34 0.592343E-34 0.597211E-34 0.584828E-34 0.589955E-34
0.197697E+05 0.606797E-34 0.612697E-34 0.606757E-34 0.612659E-34 0.599166E-34 0.605339E-34
0.204174E+05 0.621499E-34 0.628496E-34 0.621474E-34 0.628458E-34 0.613789E-34 0.621058E-34
0.210863E+05 0.636492E-34 0.644630E-34 0.636451E-34 0.644607E-34 0.628704E-34 0.637114E-34
0.217771E+05 0.651780E-34 0.661112E-34 0.651739E-34 0.661094E-34 0.643916E-34 0.653513E-34
0.224905E+05 0.667373E-34 0.677945E-34 0.667327E-34 0.677905E-34 0.659423E-34 0.670262E-34
0.232274E+05 0.683261E-34 0.695130E-34 0.683216E-34 0.695089E-34 0.675237E-34 0.687364E-34
0.239883E+05 0.699460E-34 0.712671E-34 0.699434E-34 0.712632E-34 0.691355E-34 0.704824E-34
0.247742E+05 0.715973E-34 0.730581E-34 0.715945E-34 0.730539E-34 0.707786E-34 0.722647E-34
0.255859E+05 0.732803E-34 0.748857E-34 0.732773E-34 0.748817E-34 0.724534E-34 0.740840E-34
0.264241E+05 0.749954E-34 0.767509E-34 0.749924E-34 0.767466E-34 0.741601E-34 0.759406E-34
0.272898E+05 0.767430E-34 0.786540E-34 0.767401E-34 0.786499E-34 0.758995E-34 0.778351E-34
0.281838E+05 0.785236E-34 0.805957E-34 0.785192E-34 0.805916E-34 0.776718E-34 0.797681E-34
0.291072E+05 0.803378E-34 0.825764E-34 0.803346E-34 0.825721E-34 0.794776E-34 0.817401E-34
0.300608E+05 0.821860E-34 0.845968E-34 0.821815E-34 0.845936E-34 0.813173E-34 0.837514E-34
0.310456E+05 0.840684E-34 0.866570E-34 0.840640E-34 0.866529E-34 0.831909E-34 0.858029E-34
0.320627E+05 0.859857E-34 0.887580E-34 0.859825E-34 0.887536E-34 0.850995E-34 0.878949E-34
0.331131E+05 0.879385E-34 0.909002E-34 0.879355E-34 0.908958E-34 0.870435E-34 0.900280E-34
0.341979E+05 0.899272E-34 0.930841E-34 0.899244E-34 0.930815E-34 0.890233E-34 0.922026E-34
0.353183E+05 0.919522E-34 0.953102E-34 0.919475E-34 0.953077E-34 0.910393E-34 0.944196E-34
0.364754E+05 0.940141E-34 0.975791E-34 0.940107E-34 0.975764E-34 0.930920E-34 0.966791E-34
0.376704E+05 0.961131E-34 0.998914E-34 0.961099E-34 0.998866E-34 0.951820E-34 0.989820E-34
0.389045E+05 0.982502E-34 0.102248E-33 0.982468E-34 0.102244E-33 0.973099E-34 0.101329E-33
0.401791E+05 0.100426E-33 0.104648E-33 0.100421E-33 0.104645E-33 0.994759E-34 0.103720E-33
0.414954E+05 0.102640E-33 0.107094E-33 0.102637E-33 0.107089E-33 0.101681E-33 0.106156E-33
0.428549E+05 0.104893E-33 0.109585E-33 0.104890E-33 0.109580E-33 0.103925E-33 0.108637E-33
0.442588E+05 0.107187E-33 0.112122E-33 0.107182E-33 0.112117E-33 0.106209E-33 0.111165E-33
0.457088E+05 0.109521E-33 0.114706E-33 0.109516E-33 0.114703E-33 0.108534E-33 0.113738E-33
0.472063E+05 0.111896E-33 0.117337E-33 0.111894E-33 0.117332E-33 0.110899E-33 0.116360E-33
0.487528E+05 0.114313E-33 0.120016E-33 0.114310E-33 0.120011E-33 0.113306E-33 0.119028E-33
0.503501E+05 0.116772E-33 0.122743E-33 0.116769E-33 0.122740E-33 0.115755E-33 0.121746E-33
0.519996E+05 0.119274E-33 0.125520E-33 0.119271E-33 0.125516E-33 0.118247E-33 0.124512E-33
0.537032E+05 0.121819E-33 0.128345E-33 0.121816E-33 0.128342E-33 0.120782E-33 0.127327E-33
0.554626E+05 0.124408E-33 0.131222E-33 0.124405E-33 0.131219E-33 0.123361E-33 0.130193E-33
0.572796E+05 0.127042E-33 0.134148E-33 0.127036E-33 0.134143E-33 0.125984E-33 0.133109E-33
0.591562E+05 0.129720E-33 0.137126E-33 0.129714E-33 0.137123E-33 0.128652E-33 0.136077E-33
0.610942E+05 0.132444E-33 0.140157E-33 0.132441E-33 0.140154E-33 0.131366E-33 0.139096E-33
0.630957E+05 0.135215E-33 0.143239E-33 0.135212E-33 0.143235E-33 0.134126E-33 0.142168E-33
0.651628E+05 0.138032E-33 0.146375E-33 0.138029E-33 0.146372E-33 0.136933E-33 0.145293E-33
0.672977E+05 0.140898E-33 0.149565E-33 0.140895E-33 0.149562E-33 0.139788E-33 0.148472E-33
0.695024E+05 0.143811E-33 0.152808E-33 0.143808E-33 0.152805E-33 0.142691E-33 0.151704E-33
0.717794E+05 0.146774E-33 0.156107E-33 0.146770E-33 0.156103E-33 0.145642E-33 0.154992E-33
0.741310E+05 0.149786E-33 0.159462E-33 0.149782E-33 0.159458E-33 0.148643E-33 0.158335E-33
0.765597E+05 0.152848E-33 0.162873E-33 0.152845E-33 0.162870E-33 0.151694E-33 0.161735E-33
0.790679E+05 0.155961E-33 0.166340E-33 0.155958E-33 0.166337E-33 0.154796E-33 0.165191E-33
0.816582E+05 0.159126E-33 0.169865E-33 0.159123E-33 0.169861E-33 0.157950E-33 0.168705E-33
0.843335E+05 0.162343E-33 0.173449E-33 0.162339E-33 0.173443E-33 0.161155E-33 0.172277E-33
0.870964E+05 0.165613E-33 0.177091E-33 0.165607E-33 0.177088E-33 0.164414E-33 0.175907E-33
0.899498E+05 0.168937E-33 0.180793E-33 0.168933E-33 0.180790E-33 0.167726E-33 0.179597E-33
0.928966E+05 0.172315E-33 0.184555E-33 0.172309E-33 0.184549E-33 0.171093E-33 0.183347E-33
0.959401E+05 0.175749E-33 0.188378E-33 0.175745E-33 0.188372E-33 0.174515E-33 0.187158E-33
0.990832E+05 0.179238E-33 0.192262E-33 0.179235E-33 0.192259E-33 0.177992E-33 0.191031E-33
0.102329E+06 0.182785E-33 0.196209E-33 0.182780E-33 0.196205E-33 0.181527E-33 0.194965E-33
0.105682E+06 0.186388E-33 0.200219E-33 0.186385E-33 0.200214E-33 0.185118E-33 0.198962E-33
0.109144E+06 0.190050E-33 0.204292E-33 0.190046E-33 0.204286E-33 0.188768E-33 0.203023E-33
0.112720E+06 0.193771E-33 0.208430E-33 0.193768E-33 0.208426E-33 0.192477E-33 0.207148E-33
0.116413E+06 0.197552E-33 0.212632E-33 0.197546E-33 0.212628E-33 0.196245E-33 0.211338E-33
0.120226E+06 0.201394E-33 0.216900E-33 0.201390E-33 0.216896E-33 0.200074E-33 0.215594E-33
0.124165E+06 0.205296E-33 0.221235E-33 0.205293E-33 0.221231E-33 0.203965E-33 0.219916E-33
0.128233E+06 0.209262E-33 0.225638E-33 0.209256E-33 0.225631E-33 0.207917E-33 0.224305E-33
0.132434E+06 0.213290E-33 0.230108E-33 0.213284E-33 0.230104E-33 0.211933E-33 0.228763E-33
0.136773E+06 0.217383E-33 0.234647E-33 0.217379E-33 0.234643E-33 0.216012E-33 0.233289E-33
0.141254E+06 0.221540E-33 0.239256E-33 0.221536E-33 0.239252E-33 0.220156E-33 0.237884E-33
0.145881E+06 0.225763E-33 0.243935E-33 0.225757E-33 0.243930E-33 0.224366E-33 0.242550E-33
0.150661E+06 0.230053E-33 0.248685E-33 0.230049E-33 0.248681E-33 0.228643E-33 0.247286E-33
0.155597E+06 0.234415E-33 0.253507E-33 0.234406E-33 0.253503E-33 0.232986E-33 0.252094E-33
0.160694E+06 0.238835E-33 0.258402E-33 0.238829E-33 0.258398E-33 0.237398E-33 0.256975E-33
0.165959E+06 0.243330E-33 0.263370E-33 0.243325E-33 0.263366E-33 0.241879E-33 0.261930E-33
0.171396E+06 0.247896E-33 0.268413E-33 0.247889E-33 0.268409E-33 0.246431E-33 0.266959E-33
0.177011E+06 0.252532E-33 0.273531E-33 0.252528E-33 0.273527E-33 0.251053E-33 0.272063E-33
0.182810E+06 0.257240E-33 0.278724E-33 0.257236E-33 0.278721E-33 0.255748E-33 0.277242E-33
0.188799E+06 0.262022E-33 0.283996E-33 0.262018E-33 0.283992E-33 0.260515E-33 0.282499E-33
0.194984E+06 0.266877E-33 0.289344E-33 0.266873E-33 0.289340E-33 0.265356E-33 0.287833E-33
0.201372E+06 0.271808E-33 0.294771E-33 0.271801E-33 0.294767E-33 0.270273E-33 0.293245E-33
0.207970E+06 0.276815E-33 0.300278E-33 0.276811E-33 0.300274E-33 0.275265E-33 0.298738E-33
0.214783E+06 0.281899E-33 0.305866E-33 0.281895E-33 0.305860E-33 0.280335E-33 0.304310E-33
0.221820E+06 0.287061E-33 0.311534E-33 0.287057E-33 0.311530E-33 0.285482E-33 0.309964E-33
0.229087E+06 0.292301E-33 0.317283E-33 0.292295E-33 0.317279E-33 0.290708E-33 0.315699E-33
0.236592E+06 0.297623E-33 0.323118E-33 0.297619E-33 0.323114E-33 0.296014E-33 0.321518E-33
0.244343E+06 0.303025E-33 0.329036E-33 0.303021E-33 0.329032E-33 0.301401E-33 0.327421E-33
0.252348E+06 0.308510E-33 0.335040E-33 0.308505E-33 0.335040E-33 0.306871E-33 0.333408E-33
0.260615E+06 0.314078E-33 0.341129E-33 0.314074E-33 0.341124E-33 0.312423E-33 0.339482E-33
0.269153E+06 0.319731E-33 0.347305E-33 0.319726E-33 0.347300E-33 0.318061E-33 0.345643E-33
0.277971E+06 0.325469E-33 0.353569E-33 0.325464E-33 0.353565E-33 0.323783E-33 0.351892E-33
0.287078E+06 0.331294E-33 0.359922E-33 0.331289E-33 0.359918E-33 0.329592E-33 0.358229E-33
0.296483E+06 0.337206E-33 0.366367E-33 0.337203E-33 0.366362E-33 0.335489E-33 0.364656E-33
0.306196E+06 0.343208E-33 0.372900E-33 0.343203E-33 0.372896E-33 0.341474E-33 0.371174E-33
0.316228E+06 0.349300E-33 0.379526E-33 0.349295E-33 0.379522E-33 0.347550E-33 0.377784E-33
0.326588E+06 0.355483E-33 0.386244E-33 0.355478E-33 0.386240E-33 0.353717E-33 0.384487E-33
0.337287E+06 0.361758E-33 0.393060E-33 0.361754E-33 0.393056E-33 0.359976E-33 0.391285E-33
0.348337E+06 0.368128E-33 0.399969E-33 0.368123E-33 0.399965E-33 0.366329E-33 0.398177E-33
0.359749E+06 0.374592E-33 0.406975E-33 0.374587E-33 0.406970E-33 0.372776E-33 0.405166E-33
0.371535E+06 0.381152E-33 0.414078E-33 0.381147E-33 0.414073E-33 0.379319E-33 0.412252E-33
0.383707E+06 0.387809E-33 0.421280E-33 0.387804E-33 0.421275E-33 0.385960E-33 0.419437E-33
0.396278E+06 0.394565E-33 0.428581E-33 0.394561E-33 0.428576E-33 0.392699E-33 0.426721E-33
0.409261E+06 0.401421E-33 0.435984E-33 0.401417E-33 0.435979E-33 0.399537E-33 0.434106E-33
0.422669E+06 0.408378E-33 0.443488E-33 0.408374E-33 0.443484E-33 0.406477E-33 0.441593E-33
0.436516E+06 0.415438E-33 0.451095E-33 0.415434E-33 0.451090E-33 0.413518E-33 0.449183E-33
0.450817E+06 0.422601E-33 0.458809E-33 0.422596E-33 0.458805E-33 0.420664E-33 0.456878E-33
0.465586E+06 0.429869E-33 0.466627E-33 0.429865E-33 0.466622E-33 0.427915E-33 0.464678E-33
0.480839E+06 0.437243E-33 0.474552E-33 0.437238E-33 0.474547E-33 0.435271E-33 0.472585E-33
0.496592E+06 0.444726E-33 0.482586E-33 0.444721E-33 0.482581E-33 0.442735E-33 0.480600E-33
0.512861E+06 0.452317E-33 0.490728E-33 0.452312E-33 0.490722E-33 0.450308E-33 0.488724E-33
0.529663E+06 0.460019E-33 0.498982E-33 0.460014E-33 0.498977E-33 0.457992E-33 0.496959E-33
0.547016E+06 0.467833E-33 0.507346E-33 0.467828E-33 0.507341E-33 0.465787E-33 0.505305E-33
0.564937E+06 0.475760E-33 0.515824E-33 0.475754E-33 0.515819E-33 0.473695E-33 0.513765E-33
0.583445E+06 0.483801E-33 0.524418E-33 0.483796E-33 0.524413E-33 0.481718E-33 0.522339E-33
0.602560E+06 0.491959E-33 0.533126E-33 0.491952E-33 0.533121E-33 0.489856E-33 0.531029E-33
0.622300E+06 0.500234E-33 0.541953E-33 0.500228E-33 0.541948E-33 0.498112E-33 0.539835E-33
0.642688E+06 0.508628E-33 0.550898E-33 0.508622E-33 0.550893E-33 0.506486E-33 0.548761E-33
0.663743E+06 0.517146E-33 0.559963E-33 0.517141E-33 0.559957E-33 0.514982E-33 0.557806E-33
0.685488E+06 0.525778E-33 0.569149E-33 0.525773E-33 0.569144E-33 0.523598E-33 0.566973E-33
0.707946E+06 0.534539E-33 0.578458E-33 0.534533E-33 0.578453E-33 0.532338E-33 0.576262E-33
0.731139E+06 0.543424E-33 0.587892E-33 0.543419E-33 0.587887E-33 0.541203E-33 0.585675E-33
0.755092E+06 0.552436E-33 0.597451E-33 0.552430E-33 0.597446E-33 0.550195E-33 0.595214E-33
0.779830E+06 0.561575E-33 0.607138E-33 0.561569E-33 0.607131E-33 0.559314E-33 0.604880E-33
0.805378E+06 0.570844E-33 0.616952E-33 0.570838E-33 0.616946E-33 0.568562E-33 0.614674E-33
0.831764E+06 0.580244E-33 0.626896E-33 0.580238E-33 0.626891E-33 0.577941E-33 0.624599E-33
0.859014E+06 0.589776E-33 0.636974E-33 0.589771E-33 0.636968E-33 0.587453E-33 0.634655E-33
0.887156E+06 0.599444E-33 0.647183E-33 0.599439E-33 0.647178E-33 0.597101E-33 0.644843E-33
0.916220E+06 0.609248E-33 0.657528E-33 0.609242E-33 0.657522E-33 0.606883E-33 0.655167E-33
0.946237E+06 0.619189E-33 0.668010E-33 0.619184E-33 0.668004E-33 0.616803E-33 0.665627E-33
0.977237E+06 0.629270E-33 0.678628E-33 0.629265E-33 0.678623E-33 0.626863E-33 0.676224E-33
0.100925E+07 0.639491E-33 0.689386E-33 0.639486E-33 0.689380E-33 0.637063E-33 0.686961E-33
0.104232E+07 0.649855E-33 0.700287E-33 0.649849E-33 0.700281E-33 0.647405E-33 0.697838E-33
0.107647E+07 0.660365E-33 0.711329E-33 0.660359E-33 0.711323E-33 0.657892E-33 0.708859E-33
0.111173E+07 0.671020E-33 0.722516E-33 0.671014E-33 0.722510E-33 0.668525E-33 0.720024E-33
0.114815E+07 0.681824E-33 0.733850E-33 0.681818E-33 0.733844E-33 0.679306E-33 0.731334E-33
0.118577E+07 0.692775E-33 0.745329E-33 0.692769E-33 0.745324E-33 0.690236E-33 0.742792E-33
0.122462E+07 0.703880E-33 0.756960E-33 0.703874E-33 0.756954E-33 0.701318E-33 0.754401E-33
0.126474E+07 0.715137E-33 0.768742E-33 0.715131E-33 0.768736E-33 0.712552E-33 0.766158E-33
0.130617E+07 0.726549E-33 0.780676E-33 0.726544E-33 0.780670E-33 0.723941E-33 0.778070E-33
0.134896E+07 0.738118E-33 0.792766E-33 0.738113E-33 0.792760E-33 0.735487E-33 0.790136E-33
0.139316E+07 0.749847E-33 0.805012E-33 0.749841E-33 0.805006E-33 0.747192E-33 0.802359E-33
0.143880E+07 0.761736E-33 0.817417E-33 0.761730E-33 0.817411E-33 0.759058E-33 0.814740E-33
0.148594E+07 0.773788E-33 0.829982E-33 0.773781E-33 0.829975E-33 0.771085E-33 0.827281E-33
0.153462E+07 0.786003E-33 0.842708E-33 0.785996E-33 0.842701E-33 0.783277E-33 0.839983E-33
0.158489E+07 0.798385E-33 0.855599E-33 0.798379E-33 0.855593E-33 0.795635E-33 0.852848E-33
0.163682E+07 0.810936E-33 0.868656E-33 0.810930E-33 0.868650E-33 0.808161E-33 0.865882E-33
0.169044E+07 0.823656E-33 0.881880E-33 0.823650E-33 0.881874E-33 0.820856E-33 0.879082E-33
0.174582E+07 0.836549E-33 0.895273E-33 0.836543E-33 0.895266E-33 0.833724E-33 0.892451E-33
0.180302E+07 0.849618E-33 0.908841E-33 0.849611E-33 0.908834E-33 0.846768E-33 0.905992E-33
0.186209E+07 0.862860E-33 0.922580E-33 0.862853E-33 0.922573E-33 0.859985E-33 0.919706E-33
0.192309E+07 0.876281E-33 0.936495E-33 0.876275E-33 0.936489E-33 0.873382E-33 0.933596E-33
0.198609E+07 0.889884E-33 0.950588E-33 0.889877E-33 0.950581E-33 0.886959E-33 0.947663E-33
0.205116E+07 0.903669E-33 0.964861E-33 0.903662E-33 0.964854E-33 0.900717E-33 0.961910E-33
0.211836E+07 0.917636E-33 0.979314E-33 0.917630E-33 0.979308E-33 0.914655E-33 0.976337E-33
0.218776E+07 0.931792E-33 0.993951E-33 0.931785E-33 0.993945E-33 0.928789E-33 0.990950E-33
0.225944E+07 0.946136E-33 0.100878E-32 0.946130E-33 0.100877E-32 0.943108E-33 0.100575E-32
0.233346E+07 0.960671E-33 0.102380E-32 0.960665E-33 0.102380E-32 0.957618E-33 0.102073E-32
0.240991E+07 0.975402E-33 0.103899E-32 0.975395E-33 0.103898E-32 0.972318E-33 0.103591E-32
0.248886E+07 0.990324E-33 0.105438E-32 0.990317E-33 0.105438E-32 0.987215E-33 0.105128E-32
0.257040E+07 0.100544E-32 0.106997E-32 0.100544E-32 0.106997E-32 0.100231E-32 0.106684E-32
0.265461E+07 0.102077E-32 0.108576E-32 0.102076E-32 0.108575E-32 0.101760E-32 0.108259E-32
0.274157E+07 0.103629E-32 0.110174E-32 0.103628E-32 0.110174E-32 0.103310E-32 0.109855E-32
0.283139E+07 0.105202E-32 0.111793E-32 0.105201E-32 0.111792E-32 0.104880E-32 0.111471E-32
0.292415E+07 0.106795E-32 0.113431E-32 0.106794E-32 0.113430E-32 0.106470E-32 0.113107E-32
0.301995E+07 0.108409E-32 0.115091E-32 0.108408E-32 0.115091E-32 0.108082E-32 0.114764E-32
0.311889E+07 0.110044E-32 0.116771E-32 0.110044E-32 0.116771E-32 0.109714E-32 0.116441E-32
0.322107E+07 0.111701E-32 0.118473E-32 0.111700E-32 0.118472E-32 0.111368E-32 0.118140E-32
0.332660E+07 0.113380E-32 0.120196E-32 0.113379E-32 0.120195E-32 0.113044E-32 0.119860E-32
0.343558E+07 0.115080E-32 0.121940E-32 0.115079E-32 0.121939E-32 0.114741E-32 0.121601E-32
0.354813E+07 0.116802E-32 0.123706E-32 0.116801E-32 0.123705E-32 0.116460E-32 0.123364E-32
0.366438E+07 0.118547E-32 0.125494E-32 0.118546E-32 0.125493E-32 0.118202E-32 0.125149E-32
0.378443E+07 0.120314E-32 0.127304E-32 0.120313E-32 0.127303E-32 0.119966E-32 0.126956E-32
0.390841E+07 0.122104E-32 0.129136E-32 0.122103E-32 0.129136E-32 0.121753E-32 0.128786E-32
0.403645E+07 0.123917E-32 0.130992E-32 0.123916E-32 0.130991E-32 0.123563E-32 0.130638E-32
0.416869E+07 0.125753E-32 0.132870E-32 0.125752E-32 0.132870E-32 0.125396E-32 0.132513E-32
0.430527E+07 0.127613E-32 0.134772E-32 0.127612E-32 0.134771E-32 0.127253E-32 0.134412E-32
0.444631E+07 0.129497E-32 0.136697E-32 0.129496E-32 0.136697E-32 0.129134E-32 0.136334E-32
0.459198E+07 0.131405E-32 0.138646E-32 0.131404E-32 0.138646E-32 0.131038E-32 0.138280E-32
0.474242E+07 0.133337E-32 0.140619E-32 0.133336E-32 0.140619E-32 0.132968E-32 0.140250E-32
0.489779E+07 0.135294E-32 0.142617E-32 0.135293E-32 0.142616E-32 0.134922E-32 0.142244E-32
0.505825E+07 0.137276E-32 0.144639E-32 0.137275E-32 0.144638E-32 0.136900E-32 0.144263E-32
0.522396E+07 0.139283E-32 0.146687E-32 0.139282E-32 0.146686E-32 0.138904E-32 0.146306E-32
0.539511E+07 0.141316E-32 0.148757E-32 0.141315E-32 0.148757E-32 0.140933E-32 0.148375E-32
0.557186E+07 0.143373E-32 0.150854E-32 0.143372E-32 0.150854E-32 0.142988E-32 0.150469E-32
0.575440E+07 0.145458E-32 0.152978E-32 0.145457E-32 0.152977E-32 0.145069E-32 0.152589E-32
0.594292E+07 0.147568E-32 0.155127E-32 0.147568E-32 0.155126E-32 0.147176E-32 0.154734E-32
0.613762E+07 0.149706E-32 0.157302E-32 0.149705E-32 0.157301E-32 0.149310E-32 0.156906E-32
0.633870E+07 0.151869E-32 0.159504E-32 0.151869E-32 0.159503E-32 0.151471E-32 0.159105E-32
0.654636E+07 0.154061E-32 0.161732E-32 0.154060E-32 0.161731E-32 0.153658E-32 0.161330E-32
0.676083E+07 0.156279E-32 0.163988E-32 0.156278E-32 0.163987E-32 0.155874E-32 0.163582E-32
0.698232E+07 0.158525E-32 0.166271E-32 0.158525E-32 0.166270E-32 0.158116E-32 0.165861E-32
0.721107E+07 0.160800E-32 0.168581E-32 0.160799E-32 0.168581E-32 0.160387E-32 0.168169E-32
0.744732E+07 0.163102E-32 0.170920E-32 0.163102E-32 0.170919E-32 0.162686E-32 0.170504E-32
0.769130E+07 0.165434E-32 0.173287E-32 0.165433E-32 0.173287E-32 0.165014E-32 0.172867E-32
0.794328E+07 0.167794E-32 0.175683E-32 0.167793E-32 0.175682E-32 0.167371E-32 0.175260E-32
0.820352E+07 0.170184E-32 0.178108E-32 0.170183E-32 0.178107E-32 0.169757E-32 0.177681E-32
0.847227E+07 0.172603E-32 0.180562E-32 0.172602E-32 0.180561E-32 0.172172E-32 0.180131E-32
0.874984E+07 0.175052E-32 0.183045E-32 0.175051E-32 0.183044E-32 0.174617E-32 0.182611E-32
0.903649E+07 0.177531E-32 0.185558E-32 0.177530E-32 0.185557E-32 0.177093E-32 0.185120E-32
0.933254E+07 0.180040E-32 0.188102E-32 0.180040E-32 0.188101E-32 0.179599E-32 0.187660E-32
0.963829E+07 0.182581E-32 0.190676E-32 0.182580E-32 0.190675E-32 0.182135E-32 0.190230E-32
0.995405E+07 0.185153E-32 0.193280E-32 0.185152E-32 0.193279E-32 0.184703E-32 0.192831E-32
0.102802E+08 0.187756E-32 0.195916E-32 0.187755E-32 0.195916E-32 0.187303E-32 0.195463E-32
0.106170E+08 0.190391E-32 0.198584E-32 0.190390E-32 0.198583E-32 0.189934E-32 0.198127E-32
0.109648E+08 0.193058E-32 0.201283E-32 0.193057E-32 0.201282E-32 0.192597E-32 0.200822E-32
0.113240E+08 0.195757E-32 0.204015E-32 0.195756E-32 0.204014E-32 0.195293E-32 0.203550E-32
0.116950E+08 0.198490E-32 0.206779E-32 0.198489E-32 0.206778E-32 0.198021E-32 0.206310E-32
0.120781E+08 0.201256E-32 0.209575E-32 0.201255E-32 0.209575E-32 0.200783E-32 0.209103E-32
0.124738E+08 0.204055E-32 0.212406E-32 0.204054E-32 0.212405E-32 0.203578E-32 0.211929E-32
0.128825E+08 0.206888E-32 0.215269E-32 0.206887E-32 0.215268E-32 0.206407E-32 0.214788E-32
0.133045E+08 0.209755E-32 0.218167E-32 0.209754E-32 0.218166E-32 0.209270E-32 0.217682E-32
0.137404E+08 0.212658E-32 0.221099E-32 0.212657E-32 0.221098E-32 0.212168E-32 0.220610E-32
0.141906E+08 0.215594E-32 0.224065E-32 0.215593E-32 0.224064E-32 0.215101E-32 0.223572E-32
0.146555E+08 0.218566E-32 0.227067E-32 0.218565E-32 0.227066E-32 0.218069E-32 0.226569E-32
0.151356E+08 0.221574E-32 0.230103E-32 0.221573E-32 0.230102E-32 0.221072E-32 0.229602E-32
0.156315E+08 0.224618E-32 0.233176E-32 0.224617E-32 0.233175E-32 0.224112E-32 0.232670E-32
0.161436E+08 0.227698E-32 0.236285E-32 0.227697E-32 0.236284E-32 0.227188E-32 0.235775E-32
0.166725E+08 0.230815E-32 0.239430E-32 0.230814E-32 0.239429E-32 0.230301E-32 0.238915E-32
0.172187E+08 0.233972E-32 0.242612E-32 0.233971E-32 0.242611E-32 0.233450E-32 0.242093E-32
0.177828E+08 0.237161E-32 0.245831E-32 0.237160E-32 0.245830E-32 0.236638E-32 0.245308E-32
0.183654E+08 0.240390E-32 0.249088E-32 0.240389E-32 0.249087E-32 0.239863E-32 0.248560E-32
0.189671E+08 0.243659E-32 0.252383E-32 0.243658E-32 0.252382E-32 0.243127E-32 0.251851E-32
0.195884E+08 0.246965E-32 0.255716E-32 0.246964E-32 0.255715E-32 0.246429E-32 0.255179E-32
0.202302E+08 0.250311E-32 0.259088E-32 0.250310E-32 0.259087E-32 0.249770E-32 0.258547E-32
0.208930E+08 0.253697E-32 0.262500E-32 0.253696E-32 0.262499E-32 0.253151E-32 0.261954E-32
0.215774E+08 0.257122E-32 0.265951E-32 0.257121E-32 0.265950E-32 0.256572E-32 0.265400E-32
0.222844E+08 0.260587E-32 0.269442E-32 0.260586E-32 0.269441E-32 0.260033E-32 0.268887E-32
0.230144E+08 0.264094E-32 0.272973E-32 0.264093E-32 0.272972E-32 0.263534E-32 0.272413E-32
0.237684E+08 0.267641E-32 0.276546E-32 0.267640E-32 0.276545E-32 0.267076E-32 0.275981E-32
0.245471E+08 0.271231E-32 0.280159E-32 0.271229E-32 0.280158E-32 0.270662E-32 0.279590E-32
0.253513E+08 0.274864E-32 0.283815E-32 0.274862E-32 0.283814E-32 0.274288E-32 0.283241E-32
0.261818E+08 0.278535E-32 0.287512E-32 0.278534E-32 0.287511E-32 0.277956E-32 0.286933E-32
0.270396E+08 0.282252E-32 0.291252E-32 0.282250E-32 0.291251E-32 0.281668E-32 0.290668E-32
0.279254E+08 0.286011E-32 0.295035E-32 0.286010E-32 0.295034E-32 0.285422E-32 0.294446E-32
0.288403E+08 0.289815E-32 0.298862E-32 0.289813E-32 0.298861E-32 0.289221E-32 0.298267E-32
0.297852E+08 0.293662E-32 0.302732E-32 0.293661E-32 0.302732E-32 0.293063E-32 0.302133E-32
0.307610E+08 0.297555E-32 0.306648E-32 0.297554E-32 0.306646E-32 0.296950E-32 0.306043E-32
0.317687E+08 0.301491E-32 0.310606E-32 0.301490E-32 0.310605E-32 0.300882E-32 0.309997E-32
0.328095E+08 0.305474E-32 0.314611E-32 0.305473E-32 0.314610E-32 0.304860E-32 0.313997E-32
0.338844E+08 0.309503E-32 0.318662E-32 0.309502E-32 0.318661E-32 0.308884E-32 0.318042E-32
0.349945E+08 0.313579E-32 0.322759E-32 0.313577E-32 0.322758E-32 0.312954E-32 0.322134E-32
0.361410E+08 0.317700E-32 0.326902E-32 0.317699E-32 0.326901E-32 0.317070E-32 0.326272E-32
0.373250E+08 0.321870E-32 0.331093E-32 0.321869E-32 0.331092E-32 0.321234E-32 0.330457E-32
0.385478E+08 0.326087E-32 0.335330E-32 0.326086E-32 0.335329E-32 0.325446E-32 0.334689E-32
0.398107E+08 0.330354E-32 0.339616E-32 0.330352E-32 0.339615E-32 0.329706E-32 0.338970E-32
0.411150E+08 0.334667E-32 0.343951E-32 0.334665E-32 0.343950E-32 0.334015E-32 0.343299E-32
0.424620E+08 0.339030E-32 0.348334E-32 0.339029E-32 0.348333E-32 0.338373E-32 0.347677E-32
0.438531E+08 0.343444E-32 0.352767E-32 0.343443E-32 0.352766E-32 0.342781E-32 0.352104E-32
0.452898E+08 0.347907E-32 0.357250E-32 0.347906E-32 0.357249E-32 0.347239E-32 0.356581E-32
0.467735E+08 0.352422E-32 0.361784E-32 0.352420E-32 0.361783E-32 0.351747E-32 0.361109E-32
0.483059E+08 0.356988E-32 0.366369E-32 0.356987E-32 0.366367E-32 0.356308E-32 0.365689E-32
0.498884E+08 0.361605E-32 0.371005E-32 0.361603E-32 0.371003E-32 0.360919E-32 0.370318E-32
0.515229E+08 0.366275E-32 0.375693E-32 0.366273E-32 0.375691E-32 0.365583E-32 0.375001E-32
0.532108E+08 0.370997E-32 0.380434E-32 0.370996E-32 0.380432E-32 0.370299E-32 0.379736E-32
0.549541E+08 0.375773E-32 0.385227E-32 0.375772E-32 0.385226E-32 0.375070E-32 0.384524E-32
0.567545E+08 0.380603E-32 0.390075E-32 0.380602E-32 0.390074E-32 0.379893E-32 0.389365E-32
0.586138E+08 0.385488E-32 0.394977E-32 0.385486E-32 0.394975E-32 0.384771E-32 0.394260E-32
0.605341E+08 0.390426E-32 0.399933E-32 0.390425E-32 0.399931E-32 0.389704E-32 0.399210E-32
0.625173E+08 0.395421E-32 0.404946E-32 0.395420E-32 0.404945E-32 0.394693E-32 0.404216E-32
0.645654E+08 0.400472E-32 0.410012E-32 0.400470E-32 0.410010E-32 0.399737E-32 0.409277E-32
0.666807E+08 0.405579E-32 0.415137E-32 0.405577E-32 0.415135E-32 0.404838E-32 0.414394E-32
0.688652E+08 0.410743E-32 0.420316E-32 0.410742E-32 0.420315E-32 0.409996E-32 0.419568E-32
0.711214E+08 0.415965E-32 0.425554E-32 0.415964E-32 0.425553E-32 0.415212E-32 0.424800E-32
0.734514E+08 0.421246E-32 0.430850E-32 0.421244E-32 0.430849E-32 0.420486E-32 0.430090E-32
0.758578E+08 0.426585E-32 0.436205E-32 0.426583E-32 0.436203E-32 0.425818E-32 0.435437E-32
0.783430E+08 0.431983E-32 0.441618E-32 0.431982E-32 0.441617E-32 0.431210E-32 0.440845E-32
0.809096E+08 0.437441E-32 0.447092E-32 0.437440E-32 0.447090E-32 0.436661E-32 0.446311E-32
0.835603E+08 0.442961E-32 0.452626E-32 0.442959E-32 0.452624E-32 0.442173E-32 0.451838E-32
0.862979E+08 0.448540E-32 0.458219E-32 0.448538E-32 0.458218E-32 0.447747E-32 0.457426E-32
0.891251E+08 0.454183E-32 0.463877E-32 0.454181E-32 0.463875E-32 0.453382E-32 0.463076E-32
0.920450E+08 0.459887E-32 0.469595E-32 0.459885E-32 0.469593E-32 0.459079E-32 0.468787E-32
0.950605E+08 0.465654E-32 0.475376E-32 0.465652E-32 0.475374E-32 0.464839E-32 0.474561E-32
0.981748E+08 0.471485E-32 0.481221E-32 0.471484E-32 0.481219E-32 0.470663E-32 0.480399E-32
0.101391E+09 0.477386E-32 0.487135E-32 0.477384E-32 0.487133E-32 0.476550E-32 0.486299E-32
0.104713E+09 0.483340E-32 0.493102E-32 0.483338E-32 0.493100E-32 0.482503E-32 0.492265E-32
0.108143E+09 0.489365E-32 0.499140E-32 0.489363E-32 0.499139E-32 0.488521E-32 0.498296E-32
0.111686E+09 0.495457E-32 0.505244E-32 0.495455E-32 0.505243E-32 0.494605E-32 0.504393E-32
0.115345E+09 0.501614E-32 0.511415E-32 0.501613E-32 0.511413E-32 0.500756E-32 0.510556E-32
0.119124E+09 0.507840E-32 0.517653E-32 0.507838E-32 0.517651E-32 0.506973E-32 0.516785E-32
0.123027E+09 0.514134E-32 0.523959E-32 0.514132E-32 0.523957E-32 0.513259E-32 0.523084E-32
0.127057E+09 0.520495E-32 0.530332E-32 0.520494E-32 0.530331E-32 0.519613E-32 0.529451E-32
0.131220E+09 0.526927E-32 0.536775E-32 0.526925E-32 0.536774E-32 0.526037E-32 0.535886E-32
0.135519E+09 0.533430E-32 0.543290E-32 0.533428E-32 0.543288E-32 0.532531E-32 0.542391E-32
0.139959E+09 0.540000E-32 0.549871E-32 0.539998E-32 0.549869E-32 0.539095E-32 0.548966E-32
0.144544E+09 0.546644E-32 0.556526E-32 0.546642E-32 0.556524E-32 0.545730E-32 0.555612E-32
0.149279E+09 0.553359E-32 0.563252E-32 0.553357E-32 0.563250E-32 0.552437E-32 0.562330E-32
0.154170E+09 0.560147E-32 0.570051E-32 0.560145E-32 0.570049E-32 0.559219E-32 0.569122E-32
0.159221E+09 0.567009E-32 0.576923E-32 0.567007E-32 0.576921E-32 0.566071E-32 0.575984E-32
0.164437E+09 0.573945E-32 0.583869E-32 0.573943E-32 0.583867E-32 0.572999E-32 0.582922E-32
0.169824E+09 0.580955E-32 0.590889E-32 0.580953E-32 0.590887E-32 0.580001E-32 0.589935E-32
0.175388E+09 0.588041E-32 0.597985E-32 0.588039E-32 0.597983E-32 0.587079E-32 0.597022E-32
0.181134E+09 0.595206E-32 0.605159E-32 0.595204E-32 0.605157E-32 0.594232E-32 0.604185E-32
0.187068E+09 0.602443E-32 0.612406E-32 0.602441E-32 0.612404E-32 0.601462E-32 0.611425E-32
0.193197E+09 0.609761E-32 0.619732E-32 0.609759E-32 0.619730E-32 0.608772E-32 0.618743E-32
0.199526E+09 0.617157E-32 0.627137E-32 0.617155E-32 0.627135E-32 0.616159E-32 0.626139E-32
0.206063E+09 0.624632E-32 0.634621E-32 0.624630E-32 0.634619E-32 0.623625E-32 0.633614E-32
0.212814E+09 0.632188E-32 0.642184E-32 0.632186E-32 0.642182E-32 0.631172E-32 0.641168E-32
0.219786E+09 0.639824E-32 0.649829E-32 0.639822E-32 0.649827E-32 0.638798E-32 0.648803E-32
0.226986E+09 0.647540E-32 0.657553E-32 0.647538E-32 0.657551E-32 0.646506E-32 0.656519E-32
0.234423E+09 0.655340E-32 0.665360E-32 0.655338E-32 0.665358E-32 0.654297E-32 0.664318E-32
0.242103E+09 0.663223E-32 0.673251E-32 0.663221E-32 0.673249E-32 0.662170E-32 0.672198E-32
0.250035E+09 0.671190E-32 0.681225E-32 0.671188E-32 0.681223E-32 0.670128E-32 0.680163E-32
0.258226E+09 0.679242E-32 0.689284E-32 0.679239E-32 0.689282E-32 0.678169E-32 0.688212E-32
0.266686E+09 0.687379E-32 0.697428E-32 0.687377E-32 0.697425E-32 0.686296E-32 0.696346E-32
0.275423E+09 0.695602E-32 0.705658E-32 0.695600E-32 0.705655E-32 0.694509E-32 0.704564E-32
0.284446E+09 0.703913E-32 0.713975E-32 0.703911E-32 0.713972E-32 0.702811E-32 0.712874E-32
0.293765E+09 0.712311E-32 0.722379E-32 0.712309E-32 0.722377E-32 0.711199E-32 0.721267E-32
0.303389E+09 0.720798E-32 0.730872E-32 0.720796E-32 0.730870E-32 0.719677E-32 0.729751E-32
0.313329E+09 0.729376E-32 0.739455E-32 0.729373E-32 0.739453E-32 0.728242E-32 0.738322E-32
0.323594E+09 0.738044E-32 0.748128E-32 0.738041E-32 0.748126E-32 0.736901E-32 0.746986E-32
0.334195E+09 0.746802E-32 0.756892E-32 0.746800E-32 0.756890E-32 0.745650E-32 0.755740E-32
0.345144E+09 0.755653E-32 0.765749E-32 0.755651E-32 0.765746E-32 0.754490E-32 0.764585E-32
0.356451E+09 0.764598E-32 0.774697E-32 0.764596E-32 0.774695E-32 0.763424E-32 0.773523E-32
0.368129E+09 0.773636E-32 0.783740E-32 0.773634E-32 0.783737E-32 0.772451E-32 0.782555E-32
0.380189E+09 0.782770E-32 0.792877E-32 0.782767E-32 0.792875E-32 0.781575E-32 0.791683E-32
0.392645E+09 0.791998E-32 0.802110E-32 0.791996E-32 0.802107E-32 0.790792E-32 0.800904E-32
0.405509E+09 0.801325E-32 0.811440E-32 0.801323E-32 0.811438E-32 0.800107E-32 0.810222E-32
0.418794E+09 0.810745E-32 0.820866E-32 0.810743E-32 0.820864E-32 0.809519E-32 0.819638E-32
0.432514E+09 0.820271E-32 0.830392E-32 0.820268E-32 0.830390E-32 0.819030E-32 0.829152E-32
0.446684E+09 0.829891E-32 0.840016E-32 0.829888E-32 0.840014E-32 0.828640E-32 0.838765E-32
0.461318E+09 0.839613E-32 0.849740E-32 0.839611E-32 0.849738E-32 0.838350E-32 0.848475E-32
0.476431E+09 0.849436E-32 0.859567E-32 0.849434E-32 0.859565E-32 0.848161E-32 0.858291E-32
0.492040E+09 0.859361E-32 0.869493E-32 0.859359E-32 0.869491E-32 0.858074E-32 0.868207E-32
0.508159E+09 0.869391E-32 0.879524E-32 0.869388E-32 0.879522E-32 0.868092E-32 0.878226E-32
0.524807E+09 0.879523E-32 0.889659E-32 0.879521E-32 0.889656E-32 0.878213E-32 0.888349E-32
0.542001E+09 0.889765E-32 0.899901E-32 0.889762E-32 0.899899E-32 0.888440E-32 0.898577E-32
0.559758E+09 0.900107E-32 0.910245E-32 0.900105E-32 0.910242E-32 0.898771E-32 0.908909E-32
0.578096E+09 0.910560E-32 0.920696E-32 0.910557E-32 0.920694E-32 0.909212E-32 0.919350E-32
0.597035E+09 0.921121E-32 0.931258E-32 0.921118E-32 0.931255E-32 0.919757E-32 0.929897E-32
0.616595E+09 0.931788E-32 0.941927E-32 0.931786E-32 0.941925E-32 0.930415E-32 0.940555E-32
0.636796E+09 0.942568E-32 0.952717E-32 0.942564E-32 0.952714E-32 0.941182E-32 0.951321E-32
0.657658E+09 0.953459E-32 0.963597E-32 0.953456E-32 0.963595E-32 0.952060E-32 0.962199E-32
0.679204E+09 0.964463E-32 0.974601E-32 0.964460E-32 0.974599E-32 0.963051E-32 0.973190E-32
0.701455E+09 0.975580E-32 0.985716E-32 0.975577E-32 0.985713E-32 0.974155E-32 0.984292E-32
0.724436E+09 0.986812E-32 0.996947E-32 0.986809E-32 0.996944E-32 0.985373E-32 0.995509E-32
0.748170E+09 0.998159E-32 0.100830E-31 0.998157E-32 0.100829E-31 0.996707E-32 0.100684E-31
0.772681E+09 0.100962E-31 0.101976E-31 0.100962E-31 0.101975E-31 0.100816E-31 0.101829E-31
0.797995E+09 0.102120E-31 0.103133E-31 0.102120E-31 0.103133E-31 0.101972E-31 0.102985E-31
0.824138E+09 0.103291E-31 0.104303E-31 0.103290E-31 0.104303E-31 0.103141E-31 0.104154E-31
0.851138E+09 0.104473E-31 0.105485E-31 0.104473E-31 0.105485E-31 0.104322E-31 0.105334E-31
0.879023E+09 0.105667E-31 0.106679E-31 0.105667E-31 0.106679E-31 0.105515E-31 0.106527E-31
0.907821E+09 0.106873E-31 0.107885E-31 0.106873E-31 0.107885E-31 0.106720E-31 0.107731E-31
0.937562E+09 0.108092E-31 0.109103E-31 0.108092E-31 0.109103E-31 0.107937E-31 0.108948E-31
0.968278E+09 0.109323E-31 0.110333E-31 0.109323E-31 0.110333E-31 0.109167E-31 0.110178E-31
0.100000E+10 0.110567E-31 0.111577E-31 0.110567E-31 0.111577E-31 0.110409E-31 0.111420E-31
