0.100000E+03 0.223358E-36 0.117284E-36 0.223358E-36 0.117284E-36 0.223358E-36 0.117284E-36
0.103276E+03 0.230459E-36 0.121169E-36 0.230459E-36 0.121169E-36 0.230459E-36 0.121169E-36
0.106660E+03 0.238003E-36 0.125150E-36 0.238003E-36 0.125150E-36 0.238003E-36 0.125150E-36
0.110154E+03 0.245562E-36 0.129261E-36 0.245562E-36 0.129261E-36 0.245562E-36 0.129261E-36
0.113763E+03 0.253362E-36 0.133509E-36 0.253362E-36 0.133509E-36 0.253362E-36 0.133509E-36
0.117490E+03 0.261411E-36 0.137895E-36 0.261411E-36 0.137895E-36 0.261411E-36 0.137895E-36
0.121339E+03 0.269716E-36 0.142427E-36 0.269716E-36 0.142427E-36 0.269716E-36 0.142427E-36
0.125314E+03 0.278285E-36 0.147108E-36 0.278285E-36 0.147108E-36 0.278285E-36 0.147108E-36
0.129420E+03 0.287127E-36 0.151944E-36 0.287127E-36 0.151944E-36 0.287127E-36 0.151944E-36
0.133660E+03 0.296250E-36 0.156938E-36 0.296250E-36 0.156938E-36 0.296250E-36 0.156938E-36
0.138038E+03 0.305664E-36 0.162097E-36 0.305664E-36 0.162097E-36 0.305664E-36 0.162097E-36
0.142561E+03 0.315377E-36 0.167426E-36 0.315377E-36 0.167426E-36 0.315377E-36 0.167426E-36
0.147231E+03 0.325398E-36 0.172930E-36 0.325398E-36 0.172930E-36 0.325398E-36 0.172930E-36
0.152055E+03 0.335739E-36 0.178615E-36 0.335739E-36 0.178615E-36 0.335739E-36 0.178615E-36
0.157036E+03 0.346408E-36 0.184489E-36 0.346408E-36 0.184489E-36 0.346408E-36 0.184489E-36
0.162181E+03 0.357416E-36 0.190524E-36 0.357416E-36 0.190524E-36 0.357416E-36 0.190524E-36
0.167494E+03 0.368774E-36 0.196820E-36 0.368774E-36 0.196820E-36 0.368774E-36 0.196820E-36
0.172982E+03 0.380493E-36 0.203292E-36 0.380493E-36 0.203292E-36 0.380493E-36 0.203292E-36
0.178649E+03 0.392583E-36 0.209977E-36 0.392583E-36 0.209977E-36 0.392583E-36 0.209977E-36
0.184502E+03 0.405057E-36 0.216882E-36 0.405057E-36 0.216882E-36 0.405057E-36 0.216882E-36
0.190546E+03 0.417927E-36 0.224014E-36 0.417927E-36 0.224014E-36 0.417927E-36 0.224014E-36
0.196789E+03 0.431205E-36 0.231380E-36 0.431205E-36 0.231380E-36 0.431205E-36 0.231380E-36
0.203236E+03 0.444904E-36 0.238989E-36 0.444904E-36 0.238989E-36 0.444904E-36 0.238989E-36
0.209894E+03 0.459038E-36 0.246847E-36 0.459038E-36 0.246847E-36 0.459038E-36 0.246847E-36
0.216770E+03 0.473619E-36 0.254964E-36 0.473619E-36 0.254964E-36 0.473619E-36 0.254964E-36
0.223872E+03 0.488662E-36 0.263348E-36 0.488662E-36 0.263348E-36 0.488662E-36 0.263348E-36
0.231206E+03 0.504179E-36 0.272007E-36 0.504179E-36 0.272007E-36 0.504179E-36 0.272007E-36
0.238781E+03 0.520190E-36 0.280951E-36 0.520190E-36 0.280951E-36 0.520190E-36 0.280951E-36
0.246604E+03 0.536707E-36 0.290188E-36 0.536707E-36 0.290188E-36 0.536707E-36 0.290188E-36
0.254683E+03 0.553746E-36 0.299728E-36 0.553746E-36 0.299728E-36 0.553746E-36 0.299728E-36
0.263027E+03 0.571321E-36 0.309581E-36 0.571321E-36 0.309581E-36 0.571321E-36 0.309581E-36
0.271644E+03 0.589453E-36 0.319757E-36 0.589453E-36 0.319757E-36 0.589453E-36 0.319757E-36
0.280543E+03 0.608157E-36 0.330267E-36 0.608157E-36 0.330267E-36 0.608157E-36 0.330267E-36
0.289734E+03 0.627450E-36 0.341122E-36 0.627450E-36 0.341122E-36 0.627450E-36 0.341122E-36
0.299226E+03 0.647351E-36 0.352333E-36 0.647351E-36 0.352333E-36 0.647351E-36 0.352333E-36
0.309030E+03 0.667880E-36 0.363911E-36 0.667880E-36 0.363911E-36 0.667880E-36 0.363911E-36
0.319154E+03 0.689054E-36 0.375868E-36 0.689054E-36 0.375868E-36 0.689054E-36 0.375868E-36
0.329610E+03 0.710895E-36 0.388216E-36 0.710895E-36 0.388216E-36 0.710895E-36 0.388216E-36
0.340408E+03 0.733427E-36 0.400968E-36 0.733427E-36 0.400968E-36 0.733427E-36 0.400968E-36
0.351560E+03 0.756661E-36 0.414137E-36 0.756661E-36 0.414137E-36 0.756661E-36 0.414137E-36
0.363078E+03 0.780621E-36 0.427737E-36 0.780621E-36 0.427737E-36 0.780621E-36 0.427737E-36
0.374973E+03 0.805336E-36 0.441782E-36 0.805336E-36 0.441782E-36 0.805336E-36 0.441782E-36
0.387258E+03 0.830825E-36 0.456285E-36 0.830825E-36 0.456285E-36 0.830825E-36 0.456285E-36
0.399945E+03 0.857114E-36 0.471262E-36 0.857114E-36 0.471262E-36 0.857114E-36 0.471262E-36
0.413048E+03 0.884224E-36 0.486727E-36 0.884224E-36 0.486727E-36 0.884224E-36 0.486727E-36
0.426580E+03 0.912182E-36 0.502698E-36 0.912182E-36 0.502698E-36 0.912182E-36 0.502698E-36
0.440555E+03 0.941013E-36 0.519188E-36 0.941013E-36 0.519188E-36 0.941013E-36 0.519188E-36
0.454988E+03 0.970743E-36 0.536216E-36 0.970743E-36 0.536216E-36 0.970743E-36 0.536216E-36
0.469894E+03 0.100140E-35 0.553798E-36 0.100140E-35 0.553798E-36 0.100140E-35 0.553798E-36
0.485289E+03 0.103301E-35 0.571953E-36 0.103301E-35 0.571953E-36 0.103301E-35 0.571953E-36
0.501187E+03 0.106561E-35 0.590698E-36 0.106561E-35 0.590698E-36 0.106561E-35 0.590698E-36
0.517607E+03 0.109921E-35 0.610052E-36 0.109921E-35 0.610052E-36 0.109921E-35 0.610052E-36
0.534564E+03 0.113386E-35 0.630034E-36 0.113386E-35 0.630034E-36 0.113386E-35 0.630034E-36
0.552077E+03 0.116959E-35 0.650665E-36 0.116959E-35 0.650665E-36 0.116959E-35 0.650665E-36
0.570164E+03 0.120642E-35 0.671968E-36 0.120642E-35 0.671968E-36 0.120642E-35 0.671968E-36
0.588844E+03 0.124439E-35 0.693958E-36 0.124439E-35 0.693958E-36 0.124439E-35 0.693958E-36
0.608135E+03 0.128352E-35 0.716661E-36 0.128352E-35 0.716661E-36 0.128352E-35 0.716661E-36
0.628058E+03 0.132387E-35 0.740099E-36 0.132387E-35 0.740099E-36 0.132387E-35 0.740099E-36
0.648634E+03 0.136546E-35 0.764296E-36 0.136546E-35 0.764296E-36 0.136546E-35 0.764296E-36
0.669885E+03 0.140834E-35 0.789274E-36 0.140834E-35 0.789274E-36 0.140834E-35 0.789274E-36
0.691831E+03 0.145252E-35 0.815058E-36 0.145252E-35 0.815058E-36 0.145252E-35 0.815058E-36
0.714496E+03 0.149806E-35 0.841675E-36 0.149806E-35 0.841675E-36 0.149806E-35 0.841675E-36
0.737904E+03 0.154500E-35 0.869149E-36 0.154500E-35 0.869149E-36 0.154500E-35 0.869149E-36
0.762079E+03 0.159337E-35 0.897509E-36 0.159337E-35 0.897509E-36 0.159337E-35 0.897509E-36
0.787046E+03 0.164321E-35 0.926779E-36 0.164321E-35 0.926779E-36 0.164321E-35 0.926779E-36
0.812831E+03 0.169458E-35 0.956992E-36 0.169458E-35 0.956992E-36 0.169458E-35 0.956992E-36
0.839460E+03 0.174751E-35 0.988174E-36 0.174751E-35 0.988174E-36 0.174751E-35 0.988174E-36
0.866962E+03 0.180204E-35 0.102036E-35 0.180204E-35 0.102036E-35 0.180204E-35 0.102036E-35
0.895365E+03 0.185823E-35 0.105357E-35 0.185823E-35 0.105357E-35 0.185823E-35 0.105357E-35
0.924698E+03 0.191611E-35 0.108785E-35 0.191611E-35 0.108785E-35 0.191611E-35 0.108785E-35
0.954993E+03 0.197575E-35 0.112322E-35 0.197575E-35 0.112322E-35 0.197575E-35 0.112322E-35
0.986279E+03 0.203718E-35 0.115972E-35 0.203718E-35 0.115972E-35 0.203718E-35 0.115972E-35
0.101859E+04 0.210045E-35 0.119739E-35 0.210045E-35 0.119739E-35 0.210045E-35 0.119739E-35
0.105196E+04 0.216563E-35 0.123625E-35 0.216563E-35 0.123625E-35 0.216563E-35 0.123625E-35
0.108643E+04 0.223276E-35 0.127636E-35 0.223276E-35 0.127636E-35 0.223276E-35 0.127636E-35
0.112202E+04 0.230189E-35 0.131774E-35 0.230189E-35 0.131774E-35 0.230189E-35 0.131774E-35
0.115878E+04 0.237309E-35 0.136043E-35 0.237309E-35 0.136043E-35 0.237309E-35 0.136043E-35
0.119674E+04 0.244641E-35 0.140448E-35 0.244641E-35 0.140448E-35 0.244641E-35 0.140448E-35
0.123595E+04 0.252189E-35 0.144991E-35 0.252189E-35 0.144991E-35 0.252189E-35 0.144991E-35
0.127644E+04 0.259961E-35 0.149679E-35 0.259961E-35 0.149679E-35 0.259961E-35 0.149679E-35
0.131826E+04 0.267963E-35 0.154514E-35 0.267963E-35 0.154514E-35 0.267963E-35 0.154514E-35
0.136144E+04 0.276200E-35 0.159502E-35 0.276200E-35 0.159502E-35 0.276200E-35 0.159502E-35
0.140605E+04 0.284679E-35 0.164647E-35 0.284679E-35 0.164647E-35 0.284679E-35 0.164647E-35
0.145211E+04 0.293407E-35 0.169954E-35 0.293407E-35 0.169954E-35 0.293407E-35 0.169954E-35
0.149968E+04 0.302390E-35 0.175427E-35 0.302390E-35 0.175427E-35 0.302390E-35 0.175427E-35
0.154882E+04 0.311634E-35 0.181071E-35 0.311634E-35 0.181071E-35 0.311634E-35 0.181071E-35
0.159956E+04 0.321146E-35 0.186892E-35 0.321146E-35 0.186892E-35 0.321146E-35 0.186892E-35
0.165196E+04 0.330934E-35 0.192894E-35 0.330934E-35 0.192894E-35 0.330934E-35 0.192894E-35
0.170608E+04 0.341005E-35 0.199084E-35 0.341005E-35 0.199084E-35 0.341005E-35 0.199084E-35
0.176198E+04 0.351365E-35 0.205465E-35 0.351365E-35 0.205465E-35 0.351365E-35 0.205465E-35
0.181970E+04 0.362023E-35 0.212046E-35 0.362023E-35 0.212046E-35 0.362023E-35 0.212046E-35
0.187932E+04 0.372985E-35 0.218829E-35 0.372985E-35 0.218829E-35 0.372985E-35 0.218829E-35
0.194089E+04 0.384261E-35 0.225823E-35 0.384261E-35 0.225823E-35 0.384261E-35 0.225823E-35
0.200447E+04 0.395856E-35 0.233033E-35 0.395856E-35 0.233033E-35 0.395856E-35 0.233033E-35
0.207014E+04 0.407779E-35 0.240464E-35 0.407779E-35 0.240464E-35 0.407779E-35 0.240464E-35
0.213796E+04 0.420041E-35 0.248124E-35 0.420041E-35 0.248124E-35 0.420041E-35 0.248124E-35
0.220800E+04 0.432644E-35 0.256018E-35 0.432644E-35 0.256018E-35 0.432644E-35 0.256018E-35
0.228034E+04 0.445599E-35 0.264155E-35 0.445599E-35 0.264155E-35 0.445599E-35 0.264155E-35
0.235505E+04 0.458917E-35 0.272540E-35 0.458917E-35 0.272540E-35 0.458917E-35 0.272540E-35
0.243220E+04 0.472605E-35 0.281180E-35 0.472605E-35 0.281180E-35 0.472605E-35 0.281180E-35
0.251189E+04 0.486672E-35 0.290082E-35 0.486672E-35 0.290082E-35 0.486672E-35 0.290082E-35
0.259418E+04 0.501126E-35 0.299255E-35 0.501126E-35 0.299255E-35 0.501126E-35 0.299255E-35
0.267917E+04 0.515977E-35 0.308704E-35 0.515977E-35 0.308704E-35 0.515977E-35 0.308704E-35
0.276694E+04 0.531234E-35 0.318440E-35 0.531234E-35 0.318440E-35 0.531234E-35 0.318440E-35
0.285759E+04 0.546904E-35 0.328468E-35 0.546904E-35 0.328468E-35 0.546904E-35 0.328468E-35
0.295121E+04 0.563001E-35 0.338796E-35 0.563001E-35 0.338796E-35 0.563001E-35 0.338796E-35
0.304789E+04 0.579532E-35 0.349434E-35 0.579532E-35 0.349434E-35 0.579532E-35 0.349434E-35
0.314775E+04 0.596508E-35 0.360390E-35 0.596508E-35 0.360390E-35 0.596508E-35 0.360390E-35
0.325087E+04 0.613937E-35 0.371672E-35 0.613937E-35 0.371672E-35 0.613937E-35 0.371672E-35
0.335738E+04 0.631829E-35 0.383288E-35 0.631829E-35 0.383288E-35 0.631829E-35 0.383288E-35
0.346737E+04 0.650194E-35 0.395248E-35 0.650194E-35 0.395248E-35 0.650194E-35 0.395248E-35
0.358096E+04 0.669043E-35 0.407561E-35 0.669043E-35 0.407561E-35 0.669043E-35 0.407561E-35
0.369828E+04 0.688387E-35 0.420237E-35 0.688387E-35 0.420237E-35 0.688387E-35 0.420237E-35
0.381944E+04 0.708236E-35 0.433285E-35 0.708236E-35 0.433285E-35 0.708236E-35 0.433285E-35
0.394457E+04 0.728600E-35 0.446713E-35 0.728600E-35 0.446713E-35 0.728600E-35 0.446713E-35
0.407380E+04 0.749488E-35 0.460534E-35 0.749488E-35 0.460534E-35 0.749488E-35 0.460534E-35
0.420727E+04 0.770915E-35 0.474755E-35 0.770915E-35 0.474755E-35 0.770915E-35 0.474755E-35
0.434510E+04 0.792888E-35 0.489389E-35 0.792888E-35 0.489389E-35 0.792888E-35 0.489389E-35
0.448745E+04 0.815419E-35 0.504445E-35 0.815419E-35 0.504445E-35 0.815419E-35 0.504445E-35
0.463447E+04 0.838520E-35 0.519933E-35 0.838520E-35 0.519933E-35 0.838520E-35 0.519933E-35
0.478630E+04 0.862201E-35 0.535866E-35 0.862201E-35 0.535866E-35 0.862201E-35 0.535866E-35
0.494311E+04 0.886474E-35 0.552254E-35 0.886474E-35 0.552254E-35 0.886474E-35 0.552254E-35
0.510505E+04 0.911350E-35 0.569109E-35 0.911350E-35 0.569109E-35 0.911350E-35 0.569109E-35
0.527230E+04 0.936841E-35 0.586441E-35 0.936841E-35 0.586441E-35 0.936841E-35 0.586441E-35
0.544503E+04 0.962957E-35 0.604263E-35 0.962957E-35 0.604263E-35 0.962957E-35 0.604263E-35
0.562341E+04 0.989711E-35 0.622586E-35 0.989711E-35 0.622586E-35 0.989711E-35 0.622586E-35
0.580764E+04 0.101712E-34 0.641424E-35 0.101712E-34 0.641424E-35 0.101712E-34 0.641424E-35
0.599791E+04 0.104518E-34 0.660787E-35 0.104518E-34 0.660787E-35 0.104518E-34 0.660787E-35
0.619441E+04 0.107391E-34 0.680689E-35 0.107391E-34 0.680689E-35 0.107391E-34 0.680689E-35
0.639735E+04 0.110334E-34 0.701142E-35 0.110334E-34 0.701142E-35 0.110334E-34 0.701142E-35
0.660693E+04 0.113345E-34 0.722161E-35 0.113345E-34 0.722161E-35 0.113345E-34 0.722161E-35
0.682339E+04 0.116428E-34 0.743754E-35 0.116428E-34 0.743754E-35 0.116428E-34 0.743754E-35
0.704693E+04 0.119583E-34 0.765940E-35 0.119583E-34 0.765940E-35 0.119583E-34 0.765940E-35
0.727780E+04 0.122811E-34 0.788731E-35 0.122811E-34 0.788731E-35 0.122811E-34 0.788731E-35
0.751623E+04 0.126113E-34 0.812140E-35 0.126113E-34 0.812140E-35 0.126113E-34 0.812140E-35
0.776247E+04 0.129491E-34 0.836181E-35 0.129491E-34 0.836181E-35 0.129491E-34 0.836181E-35
0.801678E+04 0.132946E-34 0.860869E-35 0.132946E-34 0.860869E-35 0.132946E-34 0.860869E-35
0.827942E+04 0.136480E-34 0.886219E-35 0.136480E-34 0.886219E-35 0.136480E-34 0.886219E-35
0.855067E+04 0.140092E-34 0.912242E-35 0.140092E-34 0.912242E-35 0.140092E-34 0.912242E-35
0.883080E+04 0.143786E-34 0.938959E-35 0.143786E-34 0.938959E-35 0.143786E-34 0.938959E-35
0.912011E+04 0.147561E-34 0.966379E-35 0.147561E-34 0.966379E-35 0.147561E-34 0.966379E-35
0.941890E+04 0.151419E-34 0.994519E-35 0.151419E-34 0.994519E-35 0.151419E-34 0.994519E-35
0.972747E+04 0.155362E-34 0.102340E-34 0.155362E-34 0.102340E-34 0.155362E-34 0.102340E-34
0.100462E+05 0.159390E-34 0.105303E-34 0.159390E-34 0.105303E-34 0.159390E-34 0.105303E-34
0.103753E+05 0.163506E-34 0.108342E-34 0.163506E-34 0.108342E-34 0.163506E-34 0.108342E-34
0.107152E+05 0.167709E-34 0.111460E-34 0.167709E-34 0.111460E-34 0.167709E-34 0.111460E-34
0.110662E+05 0.172002E-34 0.114658E-34 0.172002E-34 0.114658E-34 0.172002E-34 0.114658E-34
0.114288E+05 0.176387E-34 0.117938E-34 0.176387E-34 0.117938E-34 0.176387E-34 0.117938E-34
0.118032E+05 0.180863E-34 0.121301E-34 0.180863E-34 0.121301E-34 0.180863E-34 0.121301E-34
0.121899E+05 0.185432E-34 0.124749E-34 0.185432E-34 0.124749E-34 0.185432E-34 0.124749E-34
0.125893E+05 0.190096E-34 0.128284E-34 0.190096E-34 0.128284E-34 0.190096E-34 0.128284E-34
0.130017E+05 0.194855E-34 0.131907E-34 0.194855E-34 0.131907E-34 0.194855E-34 0.131907E-34
0.134276E+05 0.199713E-34 0.135620E-34 0.199713E-34 0.135620E-34 0.199713E-34 0.135620E-34
0.138676E+05 0.204668E-34 0.139425E-34 0.204668E-34 0.139425E-34 0.204668E-34 0.139425E-34
0.143219E+05 0.209724E-34 0.143324E-34 0.209724E-34 0.143324E-34 0.209724E-34 0.143324E-34
0.147911E+05 0.214880E-34 0.147318E-34 0.214880E-34 0.147318E-34 0.214880E-34 0.147318E-34
0.152757E+05 0.220140E-34 0.151409E-34 0.220140E-34 0.151409E-34 0.220140E-34 0.151409E-34
0.157761E+05 0.225503E-34 0.155600E-34 0.225503E-34 0.155600E-34 0.225503E-34 0.155600E-34
0.162930E+05 0.230971E-34 0.159891E-34 0.230971E-34 0.159891E-34 0.230971E-34 0.159891E-34
0.168267E+05 0.236546E-34 0.164286E-34 0.236546E-34 0.164286E-34 0.236546E-34 0.164286E-34
0.173780E+05 0.242229E-34 0.168785E-34 0.242229E-34 0.168785E-34 0.242229E-34 0.168785E-34
0.179473E+05 0.248021E-34 0.173390E-34 0.248021E-34 0.173390E-34 0.248021E-34 0.173390E-34
0.185353E+05 0.253923E-34 0.178104E-34 0.253923E-34 0.178104E-34 0.253923E-34 0.178104E-34
0.191426E+05 0.259938E-34 0.182929E-34 0.259938E-34 0.182929E-34 0.259938E-34 0.182929E-34
0.197697E+05 0.266066E-34 0.187866E-34 0.266066E-34 0.187866E-34 0.266066E-34 0.187866E-34
0.204174E+05 0.272309E-34 0.192917E-34 0.272309E-34 0.192917E-34 0.272309E-34 0.192917E-34
0.210863E+05 0.278667E-34 0.198085E-34 0.278667E-34 0.198085E-34 0.278667E-34 0.198085E-34
0.217771E+05 0.285144E-34 0.203371E-34 0.285144E-34 0.203371E-34 0.285144E-34 0.203371E-34
0.224905E+05 0.291740E-34 0.208778E-34 0.291740E-34 0.208778E-34 0.291740E-34 0.208778E-34
0.232274E+05 0.298456E-34 0.214307E-34 0.298456E-34 0.214307E-34 0.298456E-34 0.214307E-34
0.239883E+05 0.305295E-34 0.219960E-34 0.305295E-34 0.219960E-34 0.305295E-34 0.219960E-34
0.247742E+05 0.312256E-34 0.225740E-34 0.312256E-34 0.225740E-34 0.312256E-34 0.225740E-34
0.255859E+05 0.319342E-34 0.231648E-34 0.319342E-34 0.231648E-34 0.319342E-34 0.231648E-34
0.264241E+05 0.326555E-34 0.237688E-34 0.326555E-34 0.237688E-34 0.326555E-34 0.237688E-34
0.272898E+05 0.333897E-34 0.243860E-34 0.333897E-34 0.243860E-34 0.333897E-34 0.243860E-34
0.281838E+05 0.341367E-34 0.250167E-34 0.341367E-34 0.250167E-34 0.341367E-34 0.250167E-34
0.291072E+05 0.348968E-34 0.256611E-34 0.348968E-34 0.256611E-34 0.348968E-34 0.256611E-34
0.300608E+05 0.356703E-34 0.263195E-34 0.356703E-34 0.263195E-34 0.356703E-34 0.263195E-34
0.310456E+05 0.364571E-34 0.269920E-34 0.364571E-34 0.269920E-34 0.364571E-34 0.269920E-34
0.320627E+05 0.372574E-34 0.276789E-34 0.372574E-34 0.276789E-34 0.372574E-34 0.276789E-34
0.331131E+05 0.380716E-34 0.283804E-34 0.380716E-34 0.283804E-34 0.380716E-34 0.283804E-34
0.341979E+05 0.388997E-34 0.290966E-34 0.388997E-34 0.290966E-34 0.388997E-34 0.290966E-34
0.353183E+05 0.397418E-34 0.298279E-34 0.397418E-34 0.298279E-34 0.397418E-34 0.298279E-34
0.364754E+05 0.405982E-34 0.305745E-34 0.405982E-34 0.305745E-34 0.405982E-34 0.305745E-34
0.376704E+05 0.414690E-34 0.313365E-34 0.414690E-34 0.313365E-34 0.414690E-34 0.313365E-34
0.389045E+05 0.423544E-34 0.321143E-34 0.423544E-34 0.321143E-34 0.423544E-34 0.321143E-34
0.401791E+05 0.432546E-34 0.329081E-34 0.432546E-34 0.329081E-34 0.432546E-34 0.329081E-34
0.414954E+05 0.441696E-34 0.337179E-34 0.441696E-34 0.337179E-34 0.441696E-34 0.337179E-34
0.428549E+05 0.450999E-34 0.345443E-34 0.450999E-34 0.345443E-34 0.450999E-34 0.345443E-34
0.442588E+05 0.460454E-34 0.353873E-34 0.460454E-34 0.353873E-34 0.460454E-34 0.353873E-34
0.457088E+05 0.470064E-34 0.362471E-34 0.470064E-34 0.362471E-34 0.470064E-34 0.362471E-34
0.472063E+05 0.479831E-34 0.371242E-34 0.479831E-34 0.371242E-34 0.479831E-34 0.371242E-34
0.487528E+05 0.489758E-34 0.380186E-34 0.489758E-34 0.380186E-34 0.489758E-34 0.380186E-34
0.503501E+05 0.499844E-34 0.389306E-34 0.499844E-34 0.389306E-34 0.499844E-34 0.389306E-34
0.519996E+05 0.510095E-34 0.398605E-34 0.510095E-34 0.398605E-34 0.510095E-34 0.398605E-34
0.537032E+05 0.520509E-34 0.408085E-34 0.520509E-34 0.408085E-34 0.520509E-34 0.408085E-34
0.554626E+05 0.531089E-34 0.417750E-34 0.531089E-34 0.417750E-34 0.531089E-34 0.417750E-34
0.572796E+05 0.541839E-34 0.427599E-34 0.541839E-34 0.427599E-34 0.541839E-34 0.427599E-34
0.591562E+05 0.552759E-34 0.437637E-34 0.552759E-34 0.437637E-34 0.552759E-34 0.437637E-34
0.610942E+05 0.563855E-34 0.447867E-34 0.563855E-34 0.447867E-34 0.563855E-34 0.447867E-34
0.630957E+05 0.575124E-34 0.458290E-34 0.575124E-34 0.458290E-34 0.575124E-34 0.458290E-34
0.651628E+05 0.586571E-34 0.468912E-34 0.586571E-34 0.468912E-34 0.586571E-34 0.468912E-34
0.672977E+05 0.598198E-34 0.479729E-34 0.598198E-34 0.479729E-34 0.598198E-34 0.479729E-34
0.695024E+05 0.610007E-34 0.490749E-34 0.610007E-34 0.490749E-34 0.610007E-34 0.490749E-34
0.717794E+05 0.622002E-34 0.501974E-34 0.622002E-34 0.501974E-34 0.622002E-34 0.501974E-34
0.741310E+05 0.634182E-34 0.513406E-34 0.634182E-34 0.513406E-34 0.634182E-34 0.513406E-34
0.765597E+05 0.646551E-34 0.525047E-34 0.646551E-34 0.525047E-34 0.646551E-34 0.525047E-34
0.790679E+05 0.659113E-34 0.536901E-34 0.659113E-34 0.536901E-34 0.659113E-34 0.536901E-34
0.816582E+05 0.671868E-34 0.548970E-34 0.671868E-34 0.548970E-34 0.671868E-34 0.548970E-34
0.843335E+05 0.684820E-34 0.561257E-34 0.684820E-34 0.561257E-34 0.684820E-34 0.561257E-34
0.870964E+05 0.697973E-34 0.573765E-34 0.697973E-34 0.573765E-34 0.697973E-34 0.573765E-34
0.899498E+05 0.711326E-34 0.586496E-34 0.711326E-34 0.586496E-34 0.711326E-34 0.586496E-34
0.928966E+05 0.724884E-34 0.599453E-34 0.724884E-34 0.599453E-34 0.724884E-34 0.599453E-34
0.959401E+05 0.738649E-34 0.612641E-34 0.738649E-34 0.612641E-34 0.738649E-34 0.612641E-34
0.990832E+05 0.752625E-34 0.626058E-34 0.752625E-34 0.626058E-34 0.752625E-34 0.626058E-34
0.102329E+06 0.766813E-34 0.639714E-34 0.766813E-34 0.639714E-34 0.766813E-34 0.639714E-34
0.105682E+06 0.781216E-34 0.653606E-34 0.781216E-34 0.653606E-34 0.781216E-34 0.653606E-34
0.109144E+06 0.795838E-34 0.667740E-34 0.795838E-34 0.667740E-34 0.795838E-34 0.667740E-34
0.112720E+06 0.810682E-34 0.682118E-34 0.810682E-34 0.682118E-34 0.810682E-34 0.682118E-34
0.116413E+06 0.825750E-34 0.696741E-34 0.825750E-34 0.696741E-34 0.825750E-34 0.696741E-34
0.120226E+06 0.841044E-34 0.711615E-34 0.841044E-34 0.711615E-34 0.841044E-34 0.711615E-34
0.124165E+06 0.856570E-34 0.726744E-34 0.856570E-34 0.726744E-34 0.856570E-34 0.726744E-34
0.128233E+06 0.872330E-34 0.742128E-34 0.872330E-34 0.742128E-34 0.872330E-34 0.742128E-34
0.132434E+06 0.888325E-34 0.757772E-34 0.888325E-34 0.757772E-34 0.888325E-34 0.757772E-34
0.136773E+06 0.904561E-34 0.773679E-34 0.904561E-34 0.773679E-34 0.904561E-34 0.773679E-34
0.141254E+06 0.921040E-34 0.789852E-34 0.921040E-34 0.789852E-34 0.921040E-34 0.789852E-34
0.145881E+06 0.937766E-34 0.806295E-34 0.937766E-34 0.806295E-34 0.937766E-34 0.806295E-34
0.150661E+06 0.954739E-34 0.823009E-34 0.954739E-34 0.823009E-34 0.954739E-34 0.823009E-34
0.155597E+06 0.971968E-34 0.840000E-34 0.971968E-34 0.840000E-34 0.971968E-34 0.840000E-34
0.160694E+06 0.989451E-34 0.857269E-34 0.989451E-34 0.857269E-34 0.989451E-34 0.857269E-34
0.165959E+06 0.100720E-33 0.874823E-34 0.100720E-33 0.874823E-34 0.100720E-33 0.874823E-34
0.171396E+06 0.102520E-33 0.892661E-34 0.102520E-33 0.892661E-34 0.102520E-33 0.892661E-34
0.177011E+06 0.104348E-33 0.910788E-34 0.104348E-33 0.910788E-34 0.104348E-33 0.910788E-34
0.182810E+06 0.106202E-33 0.929212E-34 0.106202E-33 0.929212E-34 0.106202E-33 0.929212E-34
0.188799E+06 0.108085E-33 0.947931E-34 0.108085E-33 0.947931E-34 0.108085E-33 0.947931E-34
0.194984E+06 0.109994E-33 0.966950E-34 0.109994E-33 0.966950E-34 0.109994E-33 0.966950E-34
0.201372E+06 0.111932E-33 0.986271E-34 0.111932E-33 0.986271E-34 0.111932E-33 0.986271E-34
0.207970E+06 0.113899E-33 0.100590E-33 0.113899E-33 0.100590E-33 0.113899E-33 0.100590E-33
0.214783E+06 0.115895E-33 0.102584E-33 0.115895E-33 0.102584E-33 0.115895E-33 0.102584E-33
0.221820E+06 0.117920E-33 0.104610E-33 0.117920E-33 0.104610E-33 0.117920E-33 0.104610E-33
0.229087E+06 0.119974E-33 0.106668E-33 0.119974E-33 0.106668E-33 0.119974E-33 0.106668E-33
0.236592E+06 0.122059E-33 0.108757E-33 0.122059E-33 0.108757E-33 0.122059E-33 0.108757E-33
0.244343E+06 0.124175E-33 0.110880E-33 0.124175E-33 0.110880E-33 0.124175E-33 0.110880E-33
0.252348E+06 0.126321E-33 0.113036E-33 0.126321E-33 0.113036E-33 0.126321E-33 0.113036E-33
0.260615E+06 0.128499E-33 0.115225E-33 0.128499E-33 0.115225E-33 0.128499E-33 0.115225E-33
0.269153E+06 0.130709E-33 0.117448E-33 0.130709E-33 0.117448E-33 0.130709E-33 0.117448E-33
0.277971E+06 0.132951E-33 0.119705E-33 0.132951E-33 0.119705E-33 0.132951E-33 0.119705E-33
0.287078E+06 0.135226E-33 0.121997E-33 0.135226E-33 0.121997E-33 0.135226E-33 0.121997E-33
0.296483E+06 0.137534E-33 0.124324E-33 0.137534E-33 0.124324E-33 0.137534E-33 0.124324E-33
0.306196E+06 0.139875E-33 0.126686E-33 0.139875E-33 0.126686E-33 0.139875E-33 0.126686E-33
0.316228E+06 0.142251E-33 0.129085E-33 0.142251E-33 0.129085E-33 0.142251E-33 0.129085E-33
0.326588E+06 0.144661E-33 0.131519E-33 0.144661E-33 0.131519E-33 0.144661E-33 0.131519E-33
0.337287E+06 0.147106E-33 0.133991E-33 0.147106E-33 0.133991E-33 0.147106E-33 0.133991E-33
0.348337E+06 0.149587E-33 0.136500E-33 0.149587E-33 0.136500E-33 0.149587E-33 0.136500E-33
0.359749E+06 0.152103E-33 0.139047E-33 0.152103E-33 0.139047E-33 0.152103E-33 0.139047E-33
0.371535E+06 0.154656E-33 0.141631E-33 0.154656E-33 0.141631E-33 0.154656E-33 0.141631E-33
0.383707E+06 0.157246E-33 0.144255E-33 0.157246E-33 0.144255E-33 0.157246E-33 0.144255E-33
0.396278E+06 0.159873E-33 0.146917E-33 0.159873E-33 0.146917E-33 0.159873E-33 0.146917E-33
0.409261E+06 0.162539E-33 0.149619E-33 0.162539E-33 0.149619E-33 0.162539E-33 0.149619E-33
0.422669E+06 0.165242E-33 0.152361E-33 0.165242E-33 0.152361E-33 0.165242E-33 0.152361E-33
0.436516E+06 0.167985E-33 0.155144E-33 0.167985E-33 0.155144E-33 0.167985E-33 0.155144E-33
0.450817E+06 0.170767E-33 0.157967E-33 0.170767E-33 0.157967E-33 0.170767E-33 0.157967E-33
0.465586E+06 0.173588E-33 0.160832E-33 0.173588E-33 0.160832E-33 0.173588E-33 0.160832E-33
0.480839E+06 0.176451E-33 0.163740E-33 0.176451E-33 0.163740E-33 0.176451E-33 0.163740E-33
0.496592E+06 0.179354E-33 0.166689E-33 0.179354E-33 0.166689E-33 0.179354E-33 0.166689E-33
0.512861E+06 0.182300E-33 0.169682E-33 0.182300E-33 0.169682E-33 0.182300E-33 0.169682E-33
0.529663E+06 0.185286E-33 0.172718E-33 0.185286E-33 0.172718E-33 0.185286E-33 0.172718E-33
0.547016E+06 0.188316E-33 0.175798E-33 0.188316E-33 0.175798E-33 0.188316E-33 0.175798E-33
0.564937E+06 0.191389E-33 0.178922E-33 0.191389E-33 0.178922E-33 0.191389E-33 0.178922E-33
0.583445E+06 0.194506E-33 0.182092E-33 0.194506E-33 0.182092E-33 0.194506E-33 0.182092E-33
0.602560E+06 0.197667E-33 0.185307E-33 0.197667E-33 0.185307E-33 0.197667E-33 0.185307E-33
0.622300E+06 0.200873E-33 0.188569E-33 0.200873E-33 0.188569E-33 0.200873E-33 0.188569E-33
0.642688E+06 0.204125E-33 0.191877E-33 0.204125E-33 0.191877E-33 0.204125E-33 0.191877E-33
0.663743E+06 0.207423E-33 0.195232E-33 0.207423E-33 0.195232E-33 0.207423E-33 0.195232E-33
0.685488E+06 0.210767E-33 0.198636E-33 0.210767E-33 0.198636E-33 0.210767E-33 0.198636E-33
0.707946E+06 0.214159E-33 0.202088E-33 0.214159E-33 0.202088E-33 0.214159E-33 0.202088E-33
0.731139E+06 0.217599E-33 0.205588E-33 0.217599E-33 0.205588E-33 0.217599E-33 0.205588E-33
0.755092E+06 0.221088E-33 0.209139E-33 0.221088E-33 0.209139E-33 0.221088E-33 0.209139E-33
0.779830E+06 0.224625E-33 0.212739E-33 0.224625E-33 0.212739E-33 0.224625E-33 0.212739E-33
0.805378E+06 0.228212E-33 0.216390E-33 0.228212E-33 0.216390E-33 0.228212E-33 0.216390E-33
0.831764E+06 0.231850E-33 0.220093E-33 0.231850E-33 0.220093E-33 0.231850E-33 0.220093E-33
0.859014E+06 0.235539E-33 0.223848E-33 0.235539E-33 0.223848E-33 0.235539E-33 0.223848E-33
0.887156E+06 0.239280E-33 0.227655E-33 0.239280E-33 0.227655E-33 0.239280E-33 0.227655E-33
0.916220E+06 0.243073E-33 0.231516E-33 0.243073E-33 0.231516E-33 0.243073E-33 0.231516E-33
0.946237E+06 0.246919E-33 0.235430E-33 0.246919E-33 0.235430E-33 0.246919E-33 0.235430E-33
0.977237E+06 0.250819E-33 0.239399E-33 0.250819E-33 0.239399E-33 0.250819E-33 0.239399E-33
0.100925E+07 0.254773E-33 0.243422E-33 0.254773E-33 0.243422E-33 0.254773E-33 0.243422E-33
0.104232E+07 0.258782E-33 0.247503E-33 0.258782E-33 0.247503E-33 0.258782E-33 0.247503E-33
0.107647E+07 0.262848E-33 0.251639E-33 0.262848E-33 0.251639E-33 0.262848E-33 0.251639E-33
0.111173E+07 0.266969E-33 0.255832E-33 0.266969E-33 0.255832E-33 0.266969E-33 0.255832E-33
0.114815E+07 0.271148E-33 0.260084E-33 0.271148E-33 0.260084E-33 0.271148E-33 0.260084E-33
0.118577E+07 0.275385E-33 0.264394E-33 0.275385E-33 0.264394E-33 0.275385E-33 0.264394E-33
0.122462E+07 0.279680E-33 0.268762E-33 0.279680E-33 0.268762E-33 0.279680E-33 0.268762E-33
0.126474E+07 0.284035E-33 0.273191E-33 0.284035E-33 0.273191E-33 0.284035E-33 0.273191E-33
0.130617E+07 0.288450E-33 0.277684E-33 0.288450E-33 0.277684E-33 0.288450E-33 0.277684E-33
0.134896E+07 0.292926E-33 0.282231E-33 0.292926E-33 0.282231E-33 0.292926E-33 0.282231E-33
0.139316E+07 0.297463E-33 0.286844E-33 0.297463E-33 0.286844E-33 0.297463E-33 0.286844E-33
0.143880E+07 0.302063E-33 0.291520E-33 0.302063E-33 0.291520E-33 0.302063E-33 0.291520E-33
0.148594E+07 0.306725E-33 0.296259E-33 0.306725E-33 0.296259E-33 0.306725E-33 0.296259E-33
0.153462E+07 0.311452E-33 0.301062E-33 0.311452E-33 0.301062E-33 0.311452E-33 0.301062E-33
0.158489E+07 0.316243E-33 0.305931E-33 0.316243E-33 0.305931E-33 0.316243E-33 0.305931E-33
0.163682E+07 0.321100E-33 0.310865E-33 0.321100E-33 0.310865E-33 0.321100E-33 0.310865E-33
0.169044E+07 0.326023E-33 0.315865E-33 0.326023E-33 0.315865E-33 0.326023E-33 0.315865E-33
0.174582E+07 0.331013E-33 0.320933E-33 0.331013E-33 0.320933E-33 0.331013E-33 0.320933E-33
0.180302E+07 0.336071E-33 0.326069E-33 0.336071E-33 0.326069E-33 0.336071E-33 0.326069E-33
0.186209E+07 0.341198E-33 0.331274E-33 0.341198E-33 0.331274E-33 0.341198E-33 0.331274E-33
0.192309E+07 0.346393E-33 0.336548E-33 0.346393E-33 0.336548E-33 0.346393E-33 0.336548E-33
0.198609E+07 0.351660E-33 0.341894E-33 0.351660E-33 0.341894E-33 0.351660E-33 0.341894E-33
0.205116E+07 0.356997E-33 0.347310E-33 0.356997E-33 0.347310E-33 0.356997E-33 0.347310E-33
0.211836E+07 0.362407E-33 0.352799E-33 0.362407E-33 0.352799E-33 0.362407E-33 0.352799E-33
0.218776E+07 0.367889E-33 0.358360E-33 0.367889E-33 0.358360E-33 0.367889E-33 0.358360E-33
0.225944E+07 0.373446E-33 0.363996E-33 0.373446E-33 0.363996E-33 0.373446E-33 0.363996E-33
0.233346E+07 0.379077E-33 0.369706E-33 0.379077E-33 0.369706E-33 0.379077E-33 0.369706E-33
0.240991E+07 0.384783E-33 0.375492E-33 0.384783E-33 0.375492E-33 0.384783E-33 0.375492E-33
0.248886E+07 0.390566E-33 0.381354E-33 0.390566E-33 0.381354E-33 0.390566E-33 0.381354E-33
0.257040E+07 0.396426E-33 0.387294E-33 0.396426E-33 0.387294E-33 0.396426E-33 0.387294E-33
0.265461E+07 0.402365E-33 0.393312E-33 0.402365E-33 0.393312E-33 0.402365E-33 0.393312E-33
0.274157E+07 0.408383E-33 0.399408E-33 0.408383E-33 0.399408E-33 0.408383E-33 0.399408E-33
0.283139E+07 0.414480E-33 0.405585E-33 0.414480E-33 0.405585E-33 0.414480E-33 0.405585E-33
0.292415E+07 0.420659E-33 0.411843E-33 0.420659E-33 0.411843E-33 0.420659E-33 0.411843E-33
0.301995E+07 0.426919E-33 0.418183E-33 0.426919E-33 0.418183E-33 0.426919E-33 0.418183E-33
0.311889E+07 0.433263E-33 0.424605E-33 0.433263E-33 0.424605E-33 0.433263E-33 0.424605E-33
0.322107E+07 0.439691E-33 0.431112E-33 0.439691E-33 0.431112E-33 0.439691E-33 0.431112E-33
0.332660E+07 0.446203E-33 0.437703E-33 0.446203E-33 0.437703E-33 0.446203E-33 0.437703E-33
0.343558E+07 0.452801E-33 0.444380E-33 0.452801E-33 0.444380E-33 0.452801E-33 0.444380E-33
0.354813E+07 0.459486E-33 0.451143E-33 0.459486E-33 0.451143E-33 0.459486E-33 0.451143E-33
0.366438E+07 0.466259E-33 0.457995E-33 0.466259E-33 0.457995E-33 0.466259E-33 0.457995E-33
0.378443E+07 0.473121E-33 0.464934E-33 0.473121E-33 0.464934E-33 0.473121E-33 0.464934E-33
0.390841E+07 0.480072E-33 0.471964E-33 0.480072E-33 0.471964E-33 0.480072E-33 0.471964E-33
0.403645E+07 0.487115E-33 0.479084E-33 0.487115E-33 0.479084E-33 0.487115E-33 0.479084E-33
0.416869E+07 0.494249E-33 0.486296E-33 0.494249E-33 0.486296E-33 0.494249E-33 0.486296E-33
0.430527E+07 0.501476E-33 0.493599E-33 0.501476E-33 0.493599E-33 0.501476E-33 0.493599E-33
0.444631E+07 0.508798E-33 0.500998E-33 0.508798E-33 0.500998E-33 0.508798E-33 0.500998E-33
0.459198E+07 0.516215E-33 0.508492E-33 0.516215E-33 0.508492E-33 0.516215E-33 0.508492E-33
0.474242E+07 0.523727E-33 0.516081E-33 0.523727E-33 0.516081E-33 0.523727E-33 0.516081E-33
0.489779E+07 0.531338E-33 0.523767E-33 0.531338E-33 0.523767E-33 0.531338E-33 0.523767E-33
0.505825E+07 0.539046E-33 0.531551E-33 0.539046E-33 0.531551E-33 0.539046E-33 0.531551E-33
0.522396E+07 0.546855E-33 0.539435E-33 0.546855E-33 0.539435E-33 0.546855E-33 0.539435E-33
0.539511E+07 0.554763E-33 0.547418E-33 0.554763E-33 0.547418E-33 0.554763E-33 0.547418E-33
0.557186E+07 0.562774E-33 0.555503E-33 0.562774E-33 0.555503E-33 0.562774E-33 0.555503E-33
0.575440E+07 0.570886E-33 0.563691E-33 0.570886E-33 0.563691E-33 0.570886E-33 0.563691E-33
0.594292E+07 0.579104E-33 0.571982E-33 0.579104E-33 0.571982E-33 0.579104E-33 0.571982E-33
0.613762E+07 0.587426E-33 0.580378E-33 0.587426E-33 0.580378E-33 0.587426E-33 0.580378E-33
0.633870E+07 0.595855E-33 0.588881E-33 0.595855E-33 0.588881E-33 0.595855E-33 0.588881E-33
0.654636E+07 0.604392E-33 0.597490E-33 0.604392E-33 0.597490E-33 0.604392E-33 0.597490E-33
0.676083E+07 0.613037E-33 0.606208E-33 0.613037E-33 0.606208E-33 0.613037E-33 0.606208E-33
0.698232E+07 0.621792E-33 0.615035E-33 0.621792E-33 0.615035E-33 0.621792E-33 0.615035E-33
0.721107E+07 0.630658E-33 0.623972E-33 0.630658E-33 0.623972E-33 0.630658E-33 0.623972E-33
0.744732E+07 0.639638E-33 0.633023E-33 0.639638E-33 0.633023E-33 0.639638E-33 0.633023E-33
0.769130E+07 0.648730E-33 0.642187E-33 0.648730E-33 0.642187E-33 0.648730E-33 0.642187E-33
0.794328E+07 0.657937E-33 0.651464E-33 0.657937E-33 0.651464E-33 0.657937E-33 0.651464E-33
0.820352E+07 0.667262E-33 0.660858E-33 0.667262E-33 0.660858E-33 0.667262E-33 0.660858E-33
0.847227E+07 0.676702E-33 0.670369E-33 0.676702E-33 0.670369E-33 0.676702E-33 0.670369E-33
0.874984E+07 0.686262E-33 0.679998E-33 0.686262E-33 0.679998E-33 0.686262E-33 0.679998E-33
0.903649E+07 0.695942E-33 0.689746E-33 0.695942E-33 0.689746E-33 0.695942E-33 0.689746E-33
0.933254E+07 0.705742E-33 0.699614E-33 0.705742E-33 0.699614E-33 0.705742E-33 0.699614E-33
0.963829E+07 0.715667E-33 0.709607E-33 0.715667E-33 0.709607E-33 0.715667E-33 0.709607E-33
0.995405E+07 0.725715E-33 0.719722E-33 0.725715E-33 0.719722E-33 0.725715E-33 0.719722E-33
0.102802E+08 0.735889E-33 0.729963E-33 0.735889E-33 0.729963E-33 0.735889E-33 0.729963E-33
0.106170E+08 0.746189E-33 0.740329E-33 0.746189E-33 0.740329E-33 0.746189E-33 0.740329E-33
0.109648E+08 0.756617E-33 0.750823E-33 0.756617E-33 0.750823E-33 0.756617E-33 0.750823E-33
0.113240E+08 0.767174E-33 0.761445E-33 0.767174E-33 0.761445E-33 0.767174E-33 0.761445E-33
0.116950E+08 0.777863E-33 0.772199E-33 0.777863E-33 0.772199E-33 0.777863E-33 0.772199E-33
0.120781E+08 0.788683E-33 0.783084E-33 0.788683E-33 0.783084E-33 0.788683E-33 0.783084E-33
0.124738E+08 0.799638E-33 0.794103E-33 0.799638E-33 0.794103E-33 0.799638E-33 0.794103E-33
0.128825E+08 0.810728E-33 0.805256E-33 0.810728E-33 0.805256E-33 0.810728E-33 0.805256E-33
0.133045E+08 0.821954E-33 0.816545E-33 0.821954E-33 0.816545E-33 0.821954E-33 0.816545E-33
0.137404E+08 0.833319E-33 0.827973E-33 0.833319E-33 0.827973E-33 0.833319E-33 0.827973E-33
0.141906E+08 0.844823E-33 0.839538E-33 0.844823E-33 0.839538E-33 0.844823E-33 0.839538E-33
0.146555E+08 0.856468E-33 0.851245E-33 0.856468E-33 0.851245E-33 0.856468E-33 0.851245E-33
0.151356E+08 0.868255E-33 0.863093E-33 0.868255E-33 0.863093E-33 0.868255E-33 0.863093E-33
0.156315E+08 0.880187E-33 0.875085E-33 0.880187E-33 0.875085E-33 0.880187E-33 0.875085E-33
0.161436E+08 0.892265E-33 0.887223E-33 0.892265E-33 0.887223E-33 0.892265E-33 0.887223E-33
0.166725E+08 0.904488E-33 0.899506E-33 0.904488E-33 0.899506E-33 0.904488E-33 0.899506E-33
0.172187E+08 0.916862E-33 0.911939E-33 0.916862E-33 0.911939E-33 0.916862E-33 0.911939E-33
0.177828E+08 0.929385E-33 0.924521E-33 0.929385E-33 0.924521E-33 0.929385E-33 0.924521E-33
0.183654E+08 0.942060E-33 0.937253E-33 0.942060E-33 0.937253E-33 0.942060E-33 0.937253E-33
0.189671E+08 0.954888E-33 0.950139E-33 0.954888E-33 0.950139E-33 0.954888E-33 0.950139E-33
0.195884E+08 0.967873E-33 0.963180E-33 0.967873E-33 0.963180E-33 0.967873E-33 0.963180E-33
0.202302E+08 0.981013E-33 0.976377E-33 0.981013E-33 0.976377E-33 0.981013E-33 0.976377E-33
0.208930E+08 0.994313E-33 0.989732E-33 0.994313E-33 0.989732E-33 0.994313E-33 0.989732E-33
0.215774E+08 0.100777E-32 0.100325E-32 0.100777E-32 0.100325E-32 0.100777E-32 0.100325E-32
0.222844E+08 0.102139E-32 0.101692E-32 0.102139E-32 0.101692E-32 0.102139E-32 0.101692E-32
0.230144E+08 0.103518E-32 0.103076E-32 0.103518E-32 0.103076E-32 0.103518E-32 0.103076E-32
0.237684E+08 0.104913E-32 0.104476E-32 0.104913E-32 0.104476E-32 0.104913E-32 0.104476E-32
0.245471E+08 0.106324E-32 0.105893E-32 0.106324E-32 0.105893E-32 0.106324E-32 0.105893E-32
0.253513E+08 0.107753E-32 0.107327E-32 0.107753E-32 0.107327E-32 0.107753E-32 0.107327E-32
0.261818E+08 0.109198E-32 0.108778E-32 0.109198E-32 0.108778E-32 0.109198E-32 0.108778E-32
0.270396E+08 0.110661E-32 0.110246E-32 0.110661E-32 0.110246E-32 0.110661E-32 0.110246E-32
0.279254E+08 0.112141E-32 0.111731E-32 0.112141E-32 0.111731E-32 0.112141E-32 0.111731E-32
0.288403E+08 0.113638E-32 0.113234E-32 0.113638E-32 0.113234E-32 0.113638E-32 0.113234E-32
0.297852E+08 0.115154E-32 0.114754E-32 0.115154E-32 0.114754E-32 0.115154E-32 0.114754E-32
0.307610E+08 0.116687E-32 0.116292E-32 0.116687E-32 0.116292E-32 0.116687E-32 0.116292E-32
0.317687E+08 0.118239E-32 0.117849E-32 0.118239E-32 0.117849E-32 0.118239E-32 0.117849E-32
0.328095E+08 0.119808E-32 0.119423E-32 0.119808E-32 0.119423E-32 0.119808E-32 0.119423E-32
0.338844E+08 0.121396E-32 0.121016E-32 0.121396E-32 0.121016E-32 0.121396E-32 0.121016E-32
0.349945E+08 0.123004E-32 0.122628E-32 0.123004E-32 0.122628E-32 0.123004E-32 0.122628E-32
0.361410E+08 0.124630E-32 0.124259E-32 0.124630E-32 0.124259E-32 0.124630E-32 0.124259E-32
0.373250E+08 0.126274E-32 0.125908E-32 0.126274E-32 0.125908E-32 0.126274E-32 0.125908E-32
0.385478E+08 0.127939E-32 0.127577E-32 0.127939E-32 0.127577E-32 0.127939E-32 0.127577E-32
0.398107E+08 0.129622E-32 0.129265E-32 0.129622E-32 0.129265E-32 0.129622E-32 0.129265E-32
0.411150E+08 0.131326E-32 0.130974E-32 0.131326E-32 0.130974E-32 0.131326E-32 0.130974E-32
0.424620E+08 0.133048E-32 0.132701E-32 0.133048E-32 0.132701E-32 0.133048E-32 0.132701E-32
0.438531E+08 0.134792E-32 0.134449E-32 0.134792E-32 0.134449E-32 0.134792E-32 0.134449E-32
0.452898E+08 0.136555E-32 0.136217E-32 0.136555E-32 0.136217E-32 0.136555E-32 0.136217E-32
0.467735E+08 0.138339E-32 0.138005E-32 0.138339E-32 0.138005E-32 0.138339E-32 0.138005E-32
0.483059E+08 0.140144E-32 0.139814E-32 0.140144E-32 0.139814E-32 0.140144E-32 0.139814E-32
0.498884E+08 0.141969E-32 0.141643E-32 0.141969E-32 0.141643E-32 0.141969E-32 0.141643E-32
0.515229E+08 0.143816E-32 0.143494E-32 0.143816E-32 0.143494E-32 0.143816E-32 0.143494E-32
0.532108E+08 0.145684E-32 0.145366E-32 0.145684E-32 0.145366E-32 0.145684E-32 0.145366E-32
0.549541E+08 0.147573E-32 0.147260E-32 0.147573E-32 0.147260E-32 0.147573E-32 0.147260E-32
0.567545E+08 0.149485E-32 0.149176E-32 0.149485E-32 0.149176E-32 0.149485E-32 0.149176E-32
0.586138E+08 0.151418E-32 0.151113E-32 0.151418E-32 0.151113E-32 0.151418E-32 0.151113E-32
0.605341E+08 0.153374E-32 0.153072E-32 0.153374E-32 0.153072E-32 0.153374E-32 0.153072E-32
0.625173E+08 0.155352E-32 0.155054E-32 0.155352E-32 0.155054E-32 0.155352E-32 0.155054E-32
0.645654E+08 0.157352E-32 0.157058E-32 0.157352E-32 0.157058E-32 0.157352E-32 0.157058E-32
0.666807E+08 0.159376E-32 0.159086E-32 0.159376E-32 0.159086E-32 0.159376E-32 0.159086E-32
0.688652E+08 0.161422E-32 0.161136E-32 0.161422E-32 0.161136E-32 0.161422E-32 0.161136E-32
0.711214E+08 0.163492E-32 0.163210E-32 0.163492E-32 0.163210E-32 0.163492E-32 0.163210E-32
0.734514E+08 0.165585E-32 0.165307E-32 0.165585E-32 0.165307E-32 0.165585E-32 0.165307E-32
0.758578E+08 0.167702E-32 0.167428E-32 0.167702E-32 0.167428E-32 0.167702E-32 0.167428E-32
0.783430E+08 0.169844E-32 0.169573E-32 0.169844E-32 0.169573E-32 0.169844E-32 0.169573E-32
0.809096E+08 0.172009E-32 0.171742E-32 0.172009E-32 0.171742E-32 0.172009E-32 0.171742E-32
0.835603E+08 0.174199E-32 0.173935E-32 0.174199E-32 0.173935E-32 0.174199E-32 0.173935E-32
0.862979E+08 0.176413E-32 0.176153E-32 0.176413E-32 0.176153E-32 0.176413E-32 0.176153E-32
0.891251E+08 0.178654E-32 0.178397E-32 0.178654E-32 0.178397E-32 0.178654E-32 0.178397E-32
0.920450E+08 0.180919E-32 0.180665E-32 0.180919E-32 0.180665E-32 0.180919E-32 0.180665E-32
0.950605E+08 0.183209E-32 0.182959E-32 0.183209E-32 0.182959E-32 0.183209E-32 0.182959E-32
0.981748E+08 0.185526E-32 0.185279E-32 0.185526E-32 0.185279E-32 0.185526E-32 0.185279E-32
0.101391E+09 0.187868E-32 0.187625E-32 0.187868E-32 0.187625E-32 0.187868E-32 0.187625E-32
0.104713E+09 0.190237E-32 0.189997E-32 0.190237E-32 0.189997E-32 0.190237E-32 0.189997E-32
0.108143E+09 0.192632E-32 0.192395E-32 0.192632E-32 0.192395E-32 0.192632E-32 0.192395E-32
0.111686E+09 0.195054E-32 0.194820E-32 0.195054E-32 0.194820E-32 0.195054E-32 0.194820E-32
0.115345E+09 0.197503E-32 0.197273E-32 0.197503E-32 0.197273E-32 0.197503E-32 0.197273E-32
0.119124E+09 0.199980E-32 0.199752E-32 0.199980E-32 0.199752E-32 0.199980E-32 0.199752E-32
0.123027E+09 0.202485E-32 0.202260E-32 0.202485E-32 0.202260E-32 0.202485E-32 0.202260E-32
0.127057E+09 0.205015E-32 0.204794E-32 0.205015E-32 0.204794E-32 0.205015E-32 0.204794E-32
0.131220E+09 0.207576E-32 0.207357E-32 0.207576E-32 0.207357E-32 0.207576E-32 0.207357E-32
0.135519E+09 0.210165E-32 0.209950E-32 0.210165E-32 0.209950E-32 0.210165E-32 0.209950E-32
0.139959E+09 0.212781E-32 0.212569E-32 0.212781E-32 0.212569E-32 0.212781E-32 0.212569E-32
0.144544E+09 0.215428E-32 0.215218E-32 0.215428E-32 0.215218E-32 0.215428E-32 0.215218E-32
0.149279E+09 0.218104E-32 0.217898E-32 0.218104E-32 0.217898E-32 0.218104E-32 0.217898E-32
0.154170E+09 0.220808E-32 0.220604E-32 0.220808E-32 0.220604E-32 0.220808E-32 0.220604E-32
0.159221E+09 0.223543E-32 0.223342E-32 0.223543E-32 0.223342E-32 0.223543E-32 0.223342E-32
0.164437E+09 0.226308E-32 0.226110E-32 0.226308E-32 0.226110E-32 0.226308E-32 0.226110E-32
0.169824E+09 0.229105E-32 0.228909E-32 0.229105E-32 0.228909E-32 0.229105E-32 0.228909E-32
0.175388E+09 0.231930E-32 0.231737E-32 0.231930E-32 0.231737E-32 0.231930E-32 0.231737E-32
0.181134E+09 0.234787E-32 0.234597E-32 0.234787E-32 0.234597E-32 0.234787E-32 0.234597E-32
0.187068E+09 0.237676E-32 0.237488E-32 0.237676E-32 0.237488E-32 0.237676E-32 0.237488E-32
0.193197E+09 0.240596E-32 0.240411E-32 0.240596E-32 0.240411E-32 0.240596E-32 0.240411E-32
0.199526E+09 0.243548E-32 0.243366E-32 0.243548E-32 0.243366E-32 0.243548E-32 0.243366E-32
0.206063E+09 0.246532E-32 0.246353E-32 0.246532E-32 0.246353E-32 0.246532E-32 0.246353E-32
0.212814E+09 0.249549E-32 0.249372E-32 0.249549E-32 0.249372E-32 0.249549E-32 0.249372E-32
0.219786E+09 0.252599E-32 0.252425E-32 0.252599E-32 0.252425E-32 0.252599E-32 0.252425E-32
0.226986E+09 0.255683E-32 0.255510E-32 0.255683E-32 0.255510E-32 0.255683E-32 0.255510E-32
0.234423E+09 0.258799E-32 0.258629E-32 0.258799E-32 0.258629E-32 0.258799E-32 0.258629E-32
0.242103E+09 0.261950E-32 0.261783E-32 0.261950E-32 0.261783E-32 0.261950E-32 0.261783E-32
0.250035E+09 0.265135E-32 0.264969E-32 0.265135E-32 0.264969E-32 0.265135E-32 0.264969E-32
0.258226E+09 0.268354E-32 0.268191E-32 0.268354E-32 0.268191E-32 0.268354E-32 0.268191E-32
0.266686E+09 0.271608E-32 0.271447E-32 0.271608E-32 0.271447E-32 0.271608E-32 0.271447E-32
0.275423E+09 0.274897E-32 0.274739E-32 0.274897E-32 0.274739E-32 0.274897E-32 0.274739E-32
0.284446E+09 0.278222E-32 0.278066E-32 0.278222E-32 0.278066E-32 0.278222E-32 0.278066E-32
0.293765E+09 0.281583E-32 0.281429E-32 0.281583E-32 0.281429E-32 0.281583E-32 0.281429E-32
0.303389E+09 0.284980E-32 0.284828E-32 0.284980E-32 0.284828E-32 0.284980E-32 0.284828E-32
0.313329E+09 0.288414E-32 0.288264E-32 0.288414E-32 0.288264E-32 0.288414E-32 0.288264E-32
0.323594E+09 0.291884E-32 0.291736E-32 0.291884E-32 0.291736E-32 0.291884E-32 0.291736E-32
0.334195E+09 0.295392E-32 0.295246E-32 0.295392E-32 0.295246E-32 0.295392E-32 0.295246E-32
0.345144E+09 0.298937E-32 0.298793E-32 0.298937E-32 0.298793E-32 0.298937E-32 0.298793E-32
0.356451E+09 0.302519E-32 0.302377E-32 0.302519E-32 0.302377E-32 0.302519E-32 0.302377E-32
0.368129E+09 0.306142E-32 0.306002E-32 0.306142E-32 0.306002E-32 0.306142E-32 0.306002E-32
0.380189E+09 0.309803E-32 0.309665E-32 0.309803E-32 0.309665E-32 0.309803E-32 0.309665E-32
0.392645E+09 0.313502E-32 0.313366E-32 0.313502E-32 0.313366E-32 0.313502E-32 0.313366E-32
0.405509E+09 0.317241E-32 0.317107E-32 0.317241E-32 0.317107E-32 0.317241E-32 0.317107E-32
0.418794E+09 0.321020E-32 0.320888E-32 0.321020E-32 0.320888E-32 0.321020E-32 0.320888E-32
0.432514E+09 0.324839E-32 0.324709E-32 0.324839E-32 0.324709E-32 0.324839E-32 0.324709E-32
0.446684E+09 0.328701E-32 0.328572E-32 0.328701E-32 0.328572E-32 0.328701E-32 0.328572E-32
0.461318E+09 0.332600E-32 0.332473E-32 0.332600E-32 0.332473E-32 0.332600E-32 0.332473E-32
0.476431E+09 0.336543E-32 0.336418E-32 0.336543E-32 0.336418E-32 0.336543E-32 0.336418E-32
0.492040E+09 0.340526E-32 0.340403E-32 0.340526E-32 0.340403E-32 0.340526E-32 0.340403E-32
0.508159E+09 0.344553E-32 0.344431E-32 0.344553E-32 0.344431E-32 0.344553E-32 0.344431E-32
0.524807E+09 0.348622E-32 0.348502E-32 0.348622E-32 0.348502E-32 0.348622E-32 0.348502E-32
0.542001E+09 0.352734E-32 0.352616E-32 0.352734E-32 0.352616E-32 0.352734E-32 0.352616E-32
0.559758E+09 0.356889E-32 0.356772E-32 0.356889E-32 0.356772E-32 0.356889E-32 0.356772E-32
0.578096E+09 0.361088E-32 0.360973E-32 0.361088E-32 0.360973E-32 0.361088E-32 0.360973E-32
0.597035E+09 0.365331E-32 0.365218E-32 0.365331E-32 0.365218E-32 0.365331E-32 0.365218E-32
0.616595E+09 0.369619E-32 0.369507E-32 0.369619E-32 0.369507E-32 0.369619E-32 0.369507E-32
0.636796E+09 0.373952E-32 0.373842E-32 0.373952E-32 0.373842E-32 0.373952E-32 0.373842E-32
0.657658E+09 0.378331E-32 0.378222E-32 0.378331E-32 0.378222E-32 0.378331E-32 0.378222E-32
0.679204E+09 0.382757E-32 0.382649E-32 0.382757E-32 0.382649E-32 0.382757E-32 0.382649E-32
0.701455E+09 0.387228E-32 0.387122E-32 0.387228E-32 0.387122E-32 0.387228E-32 0.387122E-32
0.724436E+09 0.391746E-32 0.391642E-32 0.391746E-32 0.391642E-32 0.391746E-32 0.391642E-32
0.748170E+09 0.396311E-32 0.396208E-32 0.396311E-32 0.396208E-32 0.396311E-32 0.396208E-32
0.772681E+09 0.400924E-32 0.400822E-32 0.400924E-32 0.400822E-32 0.400924E-32 0.400822E-32
0.797995E+09 0.405585E-32 0.405485E-32 0.405585E-32 0.405485E-32 0.405585E-32 0.405485E-32
0.824138E+09 0.410295E-32 0.410197E-32 0.410295E-32 0.410197E-32 0.410295E-32 0.410197E-32
0.851138E+09 0.415054E-32 0.414957E-32 0.415054E-32 0.414957E-32 0.415054E-32 0.414957E-32
0.879023E+09 0.419863E-32 0.419767E-32 0.419863E-32 0.419767E-32 0.419863E-32 0.419767E-32
0.907821E+09 0.424722E-32 0.424627E-32 0.424722E-32 0.424627E-32 0.424722E-32 0.424627E-32
0.937562E+09 0.429631E-32 0.429538E-32 0.429631E-32 0.429538E-32 0.429631E-32 0.429538E-32
0.968278E+09 0.434593E-32 0.434500E-32 0.434593E-32 0.434500E-32 0.434593E-32 0.434500E-32
0.100000E+10 0.439604E-32 0.439513E-32 0.439604E-32 0.439513E-32 0.439604E-32 0.439513E-32
