0.100000E+03 0.200498E-36 0.116796E-36 0.200498E-36 0.116796E-36 0.200498E-36 0.116796E-36
0.103276E+03 0.207083E-36 0.120636E-36 0.207083E-36 0.120636E-36 0.207083E-36 0.120636E-36
0.106660E+03 0.213689E-36 0.124645E-36 0.213689E-36 0.124645E-36 0.213689E-36 0.124645E-36
0.110154E+03 0.220324E-36 0.128742E-36 0.220324E-36 0.128742E-36 0.220324E-36 0.128742E-36
0.113763E+03 0.227542E-36 0.132974E-36 0.227542E-36 0.132974E-36 0.227542E-36 0.132974E-36
0.117490E+03 0.234802E-36 0.137345E-36 0.234802E-36 0.137345E-36 0.234802E-36 0.137345E-36
0.121339E+03 0.242295E-36 0.141861E-36 0.242295E-36 0.141861E-36 0.242295E-36 0.141861E-36
0.125314E+03 0.250027E-36 0.146525E-36 0.250027E-36 0.146525E-36 0.250027E-36 0.146525E-36
0.129420E+03 0.258007E-36 0.151343E-36 0.258007E-36 0.151343E-36 0.258007E-36 0.151343E-36
0.133660E+03 0.266241E-36 0.156321E-36 0.266241E-36 0.156321E-36 0.266241E-36 0.156321E-36
0.138038E+03 0.274739E-36 0.161419E-36 0.274739E-36 0.161419E-36 0.274739E-36 0.161419E-36
0.142561E+03 0.283510E-36 0.166771E-36 0.283510E-36 0.166771E-36 0.283510E-36 0.166771E-36
0.147231E+03 0.292559E-36 0.172256E-36 0.292559E-36 0.172256E-36 0.292559E-36 0.172256E-36
0.152055E+03 0.301897E-36 0.177920E-36 0.301897E-36 0.177920E-36 0.301897E-36 0.177920E-36
0.157036E+03 0.311534E-36 0.183772E-36 0.311534E-36 0.183772E-36 0.311534E-36 0.183772E-36
0.162181E+03 0.321478E-36 0.189817E-36 0.321478E-36 0.189817E-36 0.321478E-36 0.189817E-36
0.167494E+03 0.331740E-36 0.196060E-36 0.331740E-36 0.196060E-36 0.331740E-36 0.196060E-36
0.172982E+03 0.342329E-36 0.202509E-36 0.342329E-36 0.202509E-36 0.342329E-36 0.202509E-36
0.178649E+03 0.353257E-36 0.209170E-36 0.353257E-36 0.209170E-36 0.353257E-36 0.209170E-36
0.184502E+03 0.364533E-36 0.216050E-36 0.364533E-36 0.216050E-36 0.364533E-36 0.216050E-36
0.190546E+03 0.376169E-36 0.223156E-36 0.376169E-36 0.223156E-36 0.376169E-36 0.223156E-36
0.196789E+03 0.388174E-36 0.230495E-36 0.388174E-36 0.230495E-36 0.388174E-36 0.230495E-36
0.203236E+03 0.400562E-36 0.238077E-36 0.400562E-36 0.238077E-36 0.400562E-36 0.238077E-36
0.209894E+03 0.413345E-36 0.245907E-36 0.413345E-36 0.245907E-36 0.413345E-36 0.245907E-36
0.216770E+03 0.426535E-36 0.253995E-36 0.426535E-36 0.253995E-36 0.426535E-36 0.253995E-36
0.223872E+03 0.440145E-36 0.262348E-36 0.440145E-36 0.262348E-36 0.440145E-36 0.262348E-36
0.231206E+03 0.454188E-36 0.270977E-36 0.454188E-36 0.270977E-36 0.454188E-36 0.270977E-36
0.238781E+03 0.468678E-36 0.279886E-36 0.468678E-36 0.279886E-36 0.468678E-36 0.279886E-36
0.246604E+03 0.483627E-36 0.289089E-36 0.483627E-36 0.289089E-36 0.483627E-36 0.289089E-36
0.254683E+03 0.499051E-36 0.298594E-36 0.499051E-36 0.298594E-36 0.499051E-36 0.298594E-36
0.263027E+03 0.514965E-36 0.308411E-36 0.514965E-36 0.308411E-36 0.514965E-36 0.308411E-36
0.271644E+03 0.531385E-36 0.318549E-36 0.531385E-36 0.318549E-36 0.531385E-36 0.318549E-36
0.280543E+03 0.548326E-36 0.329021E-36 0.548326E-36 0.329021E-36 0.548326E-36 0.329021E-36
0.289734E+03 0.565803E-36 0.339836E-36 0.565803E-36 0.339836E-36 0.565803E-36 0.339836E-36
0.299226E+03 0.583834E-36 0.351004E-36 0.583834E-36 0.351004E-36 0.583834E-36 0.351004E-36
0.309030E+03 0.602437E-36 0.362538E-36 0.602437E-36 0.362538E-36 0.602437E-36 0.362538E-36
0.319154E+03 0.621627E-36 0.374449E-36 0.621627E-36 0.374449E-36 0.621627E-36 0.374449E-36
0.329610E+03 0.641425E-36 0.386751E-36 0.641425E-36 0.386751E-36 0.641425E-36 0.386751E-36
0.340408E+03 0.661848E-36 0.399454E-36 0.661848E-36 0.399454E-36 0.661848E-36 0.399454E-36
0.351560E+03 0.682918E-36 0.412573E-36 0.682918E-36 0.412573E-36 0.682918E-36 0.412573E-36
0.363078E+03 0.704651E-36 0.426122E-36 0.704651E-36 0.426122E-36 0.704651E-36 0.426122E-36
0.374973E+03 0.727071E-36 0.440110E-36 0.727071E-36 0.440110E-36 0.727071E-36 0.440110E-36
0.387258E+03 0.750195E-36 0.454556E-36 0.750195E-36 0.454556E-36 0.750195E-36 0.454556E-36
0.399945E+03 0.774053E-36 0.469474E-36 0.774053E-36 0.469474E-36 0.774053E-36 0.469474E-36
0.413048E+03 0.798654E-36 0.484878E-36 0.798654E-36 0.484878E-36 0.798654E-36 0.484878E-36
0.426580E+03 0.824032E-36 0.500784E-36 0.824032E-36 0.500784E-36 0.824032E-36 0.500784E-36
0.440555E+03 0.850207E-36 0.517209E-36 0.850207E-36 0.517209E-36 0.850207E-36 0.517209E-36
0.454988E+03 0.877204E-36 0.534168E-36 0.877204E-36 0.534168E-36 0.877204E-36 0.534168E-36
0.469894E+03 0.905048E-36 0.551678E-36 0.905048E-36 0.551678E-36 0.905048E-36 0.551678E-36
0.485289E+03 0.933763E-36 0.569758E-36 0.933763E-36 0.569758E-36 0.933763E-36 0.569758E-36
0.501187E+03 0.963377E-36 0.588425E-36 0.963377E-36 0.588425E-36 0.963377E-36 0.588425E-36
0.517607E+03 0.993917E-36 0.607698E-36 0.993917E-36 0.607698E-36 0.993917E-36 0.607698E-36
0.534564E+03 0.102541E-35 0.627597E-36 0.102541E-35 0.627597E-36 0.102541E-35 0.627597E-36
0.552077E+03 0.105788E-35 0.648121E-36 0.105788E-35 0.648121E-36 0.105788E-35 0.648121E-36
0.570164E+03 0.109137E-35 0.669352E-36 0.109137E-35 0.669352E-36 0.109137E-35 0.669352E-36
0.588844E+03 0.112590E-35 0.691248E-36 0.112590E-35 0.691248E-36 0.112590E-35 0.691248E-36
0.608135E+03 0.116151E-35 0.713852E-36 0.116151E-35 0.713852E-36 0.116151E-35 0.713852E-36
0.628058E+03 0.119821E-35 0.737186E-36 0.119821E-35 0.737186E-36 0.119821E-35 0.737186E-36
0.648634E+03 0.123606E-35 0.761275E-36 0.123606E-35 0.761275E-36 0.123606E-35 0.761275E-36
0.669885E+03 0.127508E-35 0.786141E-36 0.127508E-35 0.786141E-36 0.127508E-35 0.786141E-36
0.691831E+03 0.131530E-35 0.811810E-36 0.131530E-35 0.811810E-36 0.131530E-35 0.811810E-36
0.714496E+03 0.135677E-35 0.838305E-36 0.135677E-35 0.838305E-36 0.135677E-35 0.838305E-36
0.737904E+03 0.139952E-35 0.865651E-36 0.139952E-35 0.865651E-36 0.139952E-35 0.865651E-36
0.762079E+03 0.144358E-35 0.893878E-36 0.144358E-35 0.893878E-36 0.144358E-35 0.893878E-36
0.787046E+03 0.148899E-35 0.923011E-36 0.148899E-35 0.923011E-36 0.148899E-35 0.923011E-36
0.812831E+03 0.153581E-35 0.953079E-36 0.153581E-35 0.953079E-36 0.153581E-35 0.953079E-36
0.839460E+03 0.158405E-35 0.984111E-36 0.158405E-35 0.984111E-36 0.158405E-35 0.984111E-36
0.866962E+03 0.163377E-35 0.101614E-35 0.163377E-35 0.101614E-35 0.163377E-35 0.101614E-35
0.895365E+03 0.168501E-35 0.104919E-35 0.168501E-35 0.104919E-35 0.168501E-35 0.104919E-35
0.924698E+03 0.173781E-35 0.108329E-35 0.173781E-35 0.108329E-35 0.173781E-35 0.108329E-35
0.954993E+03 0.179222E-35 0.111848E-35 0.179222E-35 0.111848E-35 0.179222E-35 0.111848E-35
0.986279E+03 0.184829E-35 0.115480E-35 0.184829E-35 0.115480E-35 0.184829E-35 0.115480E-35
0.101859E+04 0.190605E-35 0.119227E-35 0.190605E-35 0.119227E-35 0.190605E-35 0.119227E-35
0.105196E+04 0.196556E-35 0.123094E-35 0.196556E-35 0.123094E-35 0.196556E-35 0.123094E-35
0.108643E+04 0.202686E-35 0.127082E-35 0.202686E-35 0.127082E-35 0.202686E-35 0.127082E-35
0.112202E+04 0.209001E-35 0.131198E-35 0.209001E-35 0.131198E-35 0.209001E-35 0.131198E-35
0.115878E+04 0.215508E-35 0.135444E-35 0.215508E-35 0.135444E-35 0.215508E-35 0.135444E-35
0.119674E+04 0.222208E-35 0.139824E-35 0.222208E-35 0.139824E-35 0.222208E-35 0.139824E-35
0.123595E+04 0.229110E-35 0.144343E-35 0.229110E-35 0.144343E-35 0.229110E-35 0.144343E-35
0.127644E+04 0.236217E-35 0.149004E-35 0.236217E-35 0.149004E-35 0.236217E-35 0.149004E-35
0.131826E+04 0.243536E-35 0.153811E-35 0.243536E-35 0.153811E-35 0.243536E-35 0.153811E-35
0.136144E+04 0.251073E-35 0.158770E-35 0.251073E-35 0.158770E-35 0.251073E-35 0.158770E-35
0.140605E+04 0.258834E-35 0.163885E-35 0.258834E-35 0.163885E-35 0.258834E-35 0.163885E-35
0.145211E+04 0.266824E-35 0.169160E-35 0.266824E-35 0.169160E-35 0.266824E-35 0.169160E-35
0.149968E+04 0.275050E-35 0.174599E-35 0.275050E-35 0.174599E-35 0.275050E-35 0.174599E-35
0.154882E+04 0.283518E-35 0.180209E-35 0.283518E-35 0.180209E-35 0.283518E-35 0.180209E-35
0.159956E+04 0.292234E-35 0.185993E-35 0.292234E-35 0.185993E-35 0.292234E-35 0.185993E-35
0.165196E+04 0.301206E-35 0.191958E-35 0.301206E-35 0.191958E-35 0.301206E-35 0.191958E-35
0.170608E+04 0.310439E-35 0.198108E-35 0.310439E-35 0.198108E-35 0.310439E-35 0.198108E-35
0.176198E+04 0.319941E-35 0.204448E-35 0.319941E-35 0.204448E-35 0.319941E-35 0.204448E-35
0.181970E+04 0.329719E-35 0.210984E-35 0.329719E-35 0.210984E-35 0.329719E-35 0.210984E-35
0.187932E+04 0.339780E-35 0.217723E-35 0.339780E-35 0.217723E-35 0.339780E-35 0.217723E-35
0.194089E+04 0.350131E-35 0.224669E-35 0.350131E-35 0.224669E-35 0.350131E-35 0.224669E-35
0.200447E+04 0.360779E-35 0.231829E-35 0.360779E-35 0.231829E-35 0.360779E-35 0.231829E-35
0.207014E+04 0.371733E-35 0.239208E-35 0.371733E-35 0.239208E-35 0.371733E-35 0.239208E-35
0.213796E+04 0.382999E-35 0.246814E-35 0.382999E-35 0.246814E-35 0.382999E-35 0.246814E-35
0.220800E+04 0.394585E-35 0.254651E-35 0.394585E-35 0.254651E-35 0.394585E-35 0.254651E-35
0.228034E+04 0.406500E-35 0.262728E-35 0.406500E-35 0.262728E-35 0.406500E-35 0.262728E-35
0.235505E+04 0.418752E-35 0.271051E-35 0.418752E-35 0.271051E-35 0.418752E-35 0.271051E-35
0.243220E+04 0.431350E-35 0.279625E-35 0.431350E-35 0.279625E-35 0.431350E-35 0.279625E-35
0.251189E+04 0.444299E-35 0.288460E-35 0.444299E-35 0.288460E-35 0.444299E-35 0.288460E-35
0.259418E+04 0.457611E-35 0.297562E-35 0.457611E-35 0.297562E-35 0.457611E-35 0.297562E-35
0.267917E+04 0.471292E-35 0.306937E-35 0.471292E-35 0.306937E-35 0.471292E-35 0.306937E-35
0.276694E+04 0.485356E-35 0.316594E-35 0.485356E-35 0.316594E-35 0.485356E-35 0.316594E-35
0.285759E+04 0.499806E-35 0.326541E-35 0.499806E-35 0.326541E-35 0.499806E-35 0.326541E-35
0.295121E+04 0.514653E-35 0.336785E-35 0.514653E-35 0.336785E-35 0.514653E-35 0.336785E-35
0.304789E+04 0.529907E-35 0.347334E-35 0.529907E-35 0.347334E-35 0.529907E-35 0.347334E-35
0.314775E+04 0.545578E-35 0.358197E-35 0.545578E-35 0.358197E-35 0.545578E-35 0.358197E-35
0.325087E+04 0.561673E-35 0.369381E-35 0.561673E-35 0.369381E-35 0.561673E-35 0.369381E-35
0.335738E+04 0.578205E-35 0.380896E-35 0.578205E-35 0.380896E-35 0.578205E-35 0.380896E-35
0.346737E+04 0.595180E-35 0.392751E-35 0.595180E-35 0.392751E-35 0.595180E-35 0.392751E-35
0.358096E+04 0.612610E-35 0.404953E-35 0.612610E-35 0.404953E-35 0.612610E-35 0.404953E-35
0.369828E+04 0.630507E-35 0.417513E-35 0.630507E-35 0.417513E-35 0.630507E-35 0.417513E-35
0.381944E+04 0.648878E-35 0.430440E-35 0.648878E-35 0.430440E-35 0.648878E-35 0.430440E-35
0.394457E+04 0.667733E-35 0.443743E-35 0.667733E-35 0.443743E-35 0.667733E-35 0.443743E-35
0.407380E+04 0.687085E-35 0.457432E-35 0.687085E-35 0.457432E-35 0.687085E-35 0.457432E-35
0.420727E+04 0.706943E-35 0.471517E-35 0.706943E-35 0.471517E-35 0.706943E-35 0.471517E-35
0.434510E+04 0.727317E-35 0.486007E-35 0.727317E-35 0.486007E-35 0.727317E-35 0.486007E-35
0.448745E+04 0.748219E-35 0.500915E-35 0.748219E-35 0.500915E-35 0.748219E-35 0.500915E-35
0.463447E+04 0.769660E-35 0.516248E-35 0.769660E-35 0.516248E-35 0.769660E-35 0.516248E-35
0.478630E+04 0.791650E-35 0.532019E-35 0.791650E-35 0.532019E-35 0.791650E-35 0.532019E-35
0.494311E+04 0.814200E-35 0.548239E-35 0.814200E-35 0.548239E-35 0.814200E-35 0.548239E-35
0.510505E+04 0.837325E-35 0.564916E-35 0.837325E-35 0.564916E-35 0.837325E-35 0.564916E-35
0.527230E+04 0.861031E-35 0.582065E-35 0.861031E-35 0.582065E-35 0.861031E-35 0.582065E-35
0.544503E+04 0.885332E-35 0.599696E-35 0.885332E-35 0.599696E-35 0.885332E-35 0.599696E-35
0.562341E+04 0.910239E-35 0.617821E-35 0.910239E-35 0.617821E-35 0.910239E-35 0.617821E-35
0.580764E+04 0.935764E-35 0.636450E-35 0.935764E-35 0.636450E-35 0.935764E-35 0.636450E-35
0.599791E+04 0.961919E-35 0.655598E-35 0.961919E-35 0.655598E-35 0.961919E-35 0.655598E-35
0.619441E+04 0.988714E-35 0.675276E-35 0.988714E-35 0.675276E-35 0.988714E-35 0.675276E-35
0.639735E+04 0.101616E-34 0.695496E-35 0.101616E-34 0.695496E-35 0.101616E-34 0.695496E-35
0.660693E+04 0.104428E-34 0.716271E-35 0.104428E-34 0.716271E-35 0.104428E-34 0.716271E-35
0.682339E+04 0.107307E-34 0.737613E-35 0.107307E-34 0.737613E-35 0.107307E-34 0.737613E-35
0.704693E+04 0.110255E-34 0.759537E-35 0.110255E-34 0.759537E-35 0.110255E-34 0.759537E-35
0.727780E+04 0.113273E-34 0.782055E-35 0.113273E-34 0.782055E-35 0.113273E-34 0.782055E-35
0.751623E+04 0.116363E-34 0.805182E-35 0.116363E-34 0.805182E-35 0.116363E-34 0.805182E-35
0.776247E+04 0.119525E-34 0.828929E-35 0.119525E-34 0.828929E-35 0.119525E-34 0.828929E-35
0.801678E+04 0.122761E-34 0.853312E-35 0.122761E-34 0.853312E-35 0.122761E-34 0.853312E-35
0.827942E+04 0.126073E-34 0.878347E-35 0.126073E-34 0.878347E-35 0.126073E-34 0.878347E-35
0.855067E+04 0.129461E-34 0.904041E-35 0.129461E-34 0.904041E-35 0.129461E-34 0.904041E-35
0.883080E+04 0.132927E-34 0.930415E-35 0.132927E-34 0.930415E-35 0.132927E-34 0.930415E-35
0.912011E+04 0.136471E-34 0.957483E-35 0.136471E-34 0.957483E-35 0.136471E-34 0.957483E-35
0.941890E+04 0.140096E-34 0.985257E-35 0.140096E-34 0.985257E-35 0.140096E-34 0.985257E-35
0.972747E+04 0.143802E-34 0.101376E-34 0.143802E-34 0.101376E-34 0.143802E-34 0.101376E-34
0.100462E+05 0.147591E-34 0.104299E-34 0.147591E-34 0.104299E-34 0.147591E-34 0.104299E-34
0.103753E+05 0.151465E-34 0.107298E-34 0.151465E-34 0.107298E-34 0.151465E-34 0.107298E-34
0.107152E+05 0.155424E-34 0.110374E-34 0.155424E-34 0.110374E-34 0.155424E-34 0.110374E-34
0.110662E+05 0.159470E-34 0.113529E-34 0.159470E-34 0.113529E-34 0.159470E-34 0.113529E-34
0.114288E+05 0.163604E-34 0.116764E-34 0.163604E-34 0.116764E-34 0.163604E-34 0.116764E-34
0.118032E+05 0.167827E-34 0.120080E-34 0.167827E-34 0.120080E-34 0.167827E-34 0.120080E-34
0.121899E+05 0.172142E-34 0.123480E-34 0.172142E-34 0.123480E-34 0.172142E-34 0.123480E-34
0.125893E+05 0.176548E-34 0.126965E-34 0.176548E-34 0.126965E-34 0.176548E-34 0.126965E-34
0.130017E+05 0.181048E-34 0.130537E-34 0.181048E-34 0.130537E-34 0.181048E-34 0.130537E-34
0.134276E+05 0.185643E-34 0.134197E-34 0.185643E-34 0.134197E-34 0.185643E-34 0.134197E-34
0.138676E+05 0.190335E-34 0.137947E-34 0.190335E-34 0.137947E-34 0.190335E-34 0.137947E-34
0.143219E+05 0.195124E-34 0.141790E-34 0.195124E-34 0.141790E-34 0.195124E-34 0.141790E-34
0.147911E+05 0.200012E-34 0.145726E-34 0.200012E-34 0.145726E-34 0.200012E-34 0.145726E-34
0.152757E+05 0.205000E-34 0.149757E-34 0.205000E-34 0.149757E-34 0.205000E-34 0.149757E-34
0.157761E+05 0.210090E-34 0.153886E-34 0.210090E-34 0.153886E-34 0.210090E-34 0.153886E-34
0.162930E+05 0.215284E-34 0.158114E-34 0.215284E-34 0.158114E-34 0.215284E-34 0.158114E-34
0.168267E+05 0.220582E-34 0.162442E-34 0.220582E-34 0.162442E-34 0.220582E-34 0.162442E-34
0.173780E+05 0.225987E-34 0.166874E-34 0.225987E-34 0.166874E-34 0.225987E-34 0.166874E-34
0.179473E+05 0.231499E-34 0.171411E-34 0.231499E-34 0.171411E-34 0.231499E-34 0.171411E-34
0.185353E+05 0.237120E-34 0.176053E-34 0.237120E-34 0.176053E-34 0.237120E-34 0.176053E-34
0.191426E+05 0.242851E-34 0.180804E-34 0.242851E-34 0.180804E-34 0.242851E-34 0.180804E-34
0.197697E+05 0.248695E-34 0.185666E-34 0.248695E-34 0.185666E-34 0.248695E-34 0.185666E-34
0.204174E+05 0.254652E-34 0.190639E-34 0.254652E-34 0.190639E-34 0.254652E-34 0.190639E-34
0.210863E+05 0.260724E-34 0.195728E-34 0.260724E-34 0.195728E-34 0.260724E-34 0.195728E-34
0.217771E+05 0.266912E-34 0.200933E-34 0.266912E-34 0.200933E-34 0.266912E-34 0.200933E-34
0.224905E+05 0.273219E-34 0.206255E-34 0.273219E-34 0.206255E-34 0.273219E-34 0.206255E-34
0.232274E+05 0.279645E-34 0.211698E-34 0.279645E-34 0.211698E-34 0.279645E-34 0.211698E-34
0.239883E+05 0.286192E-34 0.217264E-34 0.286192E-34 0.217264E-34 0.286192E-34 0.217264E-34
0.247742E+05 0.292861E-34 0.222953E-34 0.292861E-34 0.222953E-34 0.292861E-34 0.222953E-34
0.255859E+05 0.299655E-34 0.228769E-34 0.299655E-34 0.228769E-34 0.299655E-34 0.228769E-34
0.264241E+05 0.306574E-34 0.234713E-34 0.306574E-34 0.234713E-34 0.306574E-34 0.234713E-34
0.272898E+05 0.313621E-34 0.240788E-34 0.313621E-34 0.240788E-34 0.313621E-34 0.240788E-34
0.281838E+05 0.320797E-34 0.246996E-34 0.320797E-34 0.246996E-34 0.320797E-34 0.246996E-34
0.291072E+05 0.328104E-34 0.253338E-34 0.328104E-34 0.253338E-34 0.328104E-34 0.253338E-34
0.300608E+05 0.335543E-34 0.259818E-34 0.335543E-34 0.259818E-34 0.335543E-34 0.259818E-34
0.310456E+05 0.343116E-34 0.266436E-34 0.343116E-34 0.266436E-34 0.343116E-34 0.266436E-34
0.320627E+05 0.350824E-34 0.273196E-34 0.350824E-34 0.273196E-34 0.350824E-34 0.273196E-34
0.331131E+05 0.358670E-34 0.280100E-34 0.358670E-34 0.280100E-34 0.358670E-34 0.280100E-34
0.341979E+05 0.366655E-34 0.287149E-34 0.366655E-34 0.287149E-34 0.366655E-34 0.287149E-34
0.353183E+05 0.374782E-34 0.294346E-34 0.374782E-34 0.294346E-34 0.374782E-34 0.294346E-34
0.364754E+05 0.383050E-34 0.301694E-34 0.383050E-34 0.301694E-34 0.383050E-34 0.301694E-34
0.376704E+05 0.391464E-34 0.309194E-34 0.391464E-34 0.309194E-34 0.391464E-34 0.309194E-34
0.389045E+05 0.400024E-34 0.316849E-34 0.400024E-34 0.316849E-34 0.400024E-34 0.316849E-34
0.401791E+05 0.408732E-34 0.324661E-34 0.408732E-34 0.324661E-34 0.408732E-34 0.324661E-34
0.414954E+05 0.417589E-34 0.332632E-34 0.417589E-34 0.332632E-34 0.417589E-34 0.332632E-34
0.428549E+05 0.426598E-34 0.340765E-34 0.426598E-34 0.340765E-34 0.426598E-34 0.340765E-34
0.442588E+05 0.435762E-34 0.349062E-34 0.435762E-34 0.349062E-34 0.435762E-34 0.349062E-34
0.457088E+05 0.445081E-34 0.357526E-34 0.445081E-34 0.357526E-34 0.445081E-34 0.357526E-34
0.472063E+05 0.454558E-34 0.366158E-34 0.454558E-34 0.366158E-34 0.454558E-34 0.366158E-34
0.487528E+05 0.464195E-34 0.374963E-34 0.464195E-34 0.374963E-34 0.464195E-34 0.374963E-34
0.503501E+05 0.473994E-34 0.383940E-34 0.473994E-34 0.383940E-34 0.473994E-34 0.383940E-34
0.519996E+05 0.483957E-34 0.393095E-34 0.483957E-34 0.393095E-34 0.483957E-34 0.393095E-34
0.537032E+05 0.494086E-34 0.402429E-34 0.494086E-34 0.402429E-34 0.494086E-34 0.402429E-34
0.554626E+05 0.504382E-34 0.411944E-34 0.504382E-34 0.411944E-34 0.504382E-34 0.411944E-34
0.572796E+05 0.514849E-34 0.421641E-34 0.514849E-34 0.421641E-34 0.514849E-34 0.421641E-34
0.591562E+05 0.525487E-34 0.431524E-34 0.525487E-34 0.431524E-34 0.525487E-34 0.431524E-34
0.610942E+05 0.536302E-34 0.441598E-34 0.536302E-34 0.441598E-34 0.536302E-34 0.441598E-34
0.630957E+05 0.547293E-34 0.451863E-34 0.547293E-34 0.451863E-34 0.547293E-34 0.451863E-34
0.651628E+05 0.558463E-34 0.462321E-34 0.558463E-34 0.462321E-34 0.558463E-34 0.462321E-34
0.672977E+05 0.569814E-34 0.472978E-34 0.569814E-34 0.472978E-34 0.569814E-34 0.472978E-34
0.695024E+05 0.581350E-34 0.483833E-34 0.581350E-34 0.483833E-34 0.581350E-34 0.483833E-34
0.717794E+05 0.593072E-34 0.494890E-34 0.593072E-34 0.494890E-34 0.593072E-34 0.494890E-34
0.741310E+05 0.604982E-34 0.506152E-34 0.604982E-34 0.506152E-34 0.604982E-34 0.506152E-34
0.765597E+05 0.617083E-34 0.517622E-34 0.617083E-34 0.517622E-34 0.617083E-34 0.517622E-34
0.790679E+05 0.629378E-34 0.529301E-34 0.629378E-34 0.529301E-34 0.629378E-34 0.529301E-34
0.816582E+05 0.641870E-34 0.541193E-34 0.641870E-34 0.541193E-34 0.641870E-34 0.541193E-34
0.843335E+05 0.654558E-34 0.553302E-34 0.654558E-34 0.553302E-34 0.654558E-34 0.553302E-34
0.870964E+05 0.667451E-34 0.565630E-34 0.667451E-34 0.565630E-34 0.667451E-34 0.565630E-34
0.899498E+05 0.680545E-34 0.578178E-34 0.680545E-34 0.578178E-34 0.680545E-34 0.578178E-34
0.928966E+05 0.693848E-34 0.590951E-34 0.693848E-34 0.590951E-34 0.693848E-34 0.590951E-34
0.959401E+05 0.707359E-34 0.603952E-34 0.707359E-34 0.603952E-34 0.707359E-34 0.603952E-34
0.990832E+05 0.721083E-34 0.617183E-34 0.721083E-34 0.617183E-34 0.721083E-34 0.617183E-34
0.102329E+06 0.735022E-34 0.630647E-34 0.735022E-34 0.630647E-34 0.735022E-34 0.630647E-34
0.105682E+06 0.749178E-34 0.644347E-34 0.749178E-34 0.644347E-34 0.749178E-34 0.644347E-34
0.109144E+06 0.763555E-34 0.658285E-34 0.763555E-34 0.658285E-34 0.763555E-34 0.658285E-34
0.112720E+06 0.778156E-34 0.672467E-34 0.778156E-34 0.672467E-34 0.778156E-34 0.672467E-34
0.116413E+06 0.792984E-34 0.686895E-34 0.792984E-34 0.686895E-34 0.792984E-34 0.686895E-34
0.120226E+06 0.808041E-34 0.701569E-34 0.808041E-34 0.701569E-34 0.808041E-34 0.701569E-34
0.124165E+06 0.823330E-34 0.716496E-34 0.823330E-34 0.716496E-34 0.823330E-34 0.716496E-34
0.128233E+06 0.838857E-34 0.731678E-34 0.838857E-34 0.731678E-34 0.838857E-34 0.731678E-34
0.132434E+06 0.854622E-34 0.747117E-34 0.854622E-34 0.747117E-34 0.854622E-34 0.747117E-34
0.136773E+06 0.870629E-34 0.762818E-34 0.870629E-34 0.762818E-34 0.870629E-34 0.762818E-34
0.141254E+06 0.886883E-34 0.778784E-34 0.886883E-34 0.778784E-34 0.886883E-34 0.778784E-34
0.145881E+06 0.903385E-34 0.795018E-34 0.903385E-34 0.795018E-34 0.903385E-34 0.795018E-34
0.150661E+06 0.920138E-34 0.811521E-34 0.920138E-34 0.811521E-34 0.920138E-34 0.811521E-34
0.155597E+06 0.937149E-34 0.828299E-34 0.937149E-34 0.828299E-34 0.937149E-34 0.828299E-34
0.160694E+06 0.954416E-34 0.845356E-34 0.954416E-34 0.845356E-34 0.954416E-34 0.845356E-34
0.165959E+06 0.971948E-34 0.862694E-34 0.971948E-34 0.862694E-34 0.971948E-34 0.862694E-34
0.171396E+06 0.989745E-34 0.880317E-34 0.989745E-34 0.880317E-34 0.989745E-34 0.880317E-34
0.177011E+06 0.100781E-33 0.898228E-34 0.100781E-33 0.898228E-34 0.100781E-33 0.898228E-34
0.182810E+06 0.102615E-33 0.916432E-34 0.102615E-33 0.916432E-34 0.102615E-33 0.916432E-34
0.188799E+06 0.104477E-33 0.934930E-34 0.104477E-33 0.934930E-34 0.104477E-33 0.934930E-34
0.194984E+06 0.106367E-33 0.953728E-34 0.106367E-33 0.953728E-34 0.106367E-33 0.953728E-34
0.201372E+06 0.108285E-33 0.972829E-34 0.108285E-33 0.972829E-34 0.108285E-33 0.972829E-34
0.207970E+06 0.110232E-33 0.992236E-34 0.110232E-33 0.992236E-34 0.110232E-33 0.992236E-34
0.214783E+06 0.112208E-33 0.101196E-33 0.112208E-33 0.101196E-33 0.112208E-33 0.101196E-33
0.221820E+06 0.114214E-33 0.103199E-33 0.114214E-33 0.103199E-33 0.114214E-33 0.103199E-33
0.229087E+06 0.116250E-33 0.105234E-33 0.116250E-33 0.105234E-33 0.116250E-33 0.105234E-33
0.236592E+06 0.118317E-33 0.107301E-33 0.118317E-33 0.107301E-33 0.118317E-33 0.107301E-33
0.244343E+06 0.120414E-33 0.109401E-33 0.120414E-33 0.109401E-33 0.120414E-33 0.109401E-33
0.252348E+06 0.122542E-33 0.111533E-33 0.122542E-33 0.111533E-33 0.122542E-33 0.111533E-33
0.260615E+06 0.124702E-33 0.113700E-33 0.124702E-33 0.113700E-33 0.124702E-33 0.113700E-33
0.269153E+06 0.126895E-33 0.115899E-33 0.126895E-33 0.115899E-33 0.126895E-33 0.115899E-33
0.277971E+06 0.129119E-33 0.118134E-33 0.129119E-33 0.118134E-33 0.129119E-33 0.118134E-33
0.287078E+06 0.131377E-33 0.120403E-33 0.131377E-33 0.120403E-33 0.131377E-33 0.120403E-33
0.296483E+06 0.133668E-33 0.122706E-33 0.133668E-33 0.122706E-33 0.133668E-33 0.122706E-33
0.306196E+06 0.135993E-33 0.125045E-33 0.135993E-33 0.125045E-33 0.135993E-33 0.125045E-33
0.316228E+06 0.138352E-33 0.127421E-33 0.138352E-33 0.127421E-33 0.138352E-33 0.127421E-33
0.326588E+06 0.140746E-33 0.129832E-33 0.140746E-33 0.129832E-33 0.140746E-33 0.129832E-33
0.337287E+06 0.143176E-33 0.132281E-33 0.143176E-33 0.132281E-33 0.143176E-33 0.132281E-33
0.348337E+06 0.145640E-33 0.134766E-33 0.145640E-33 0.134766E-33 0.145640E-33 0.134766E-33
0.359749E+06 0.148141E-33 0.137289E-33 0.148141E-33 0.137289E-33 0.148141E-33 0.137289E-33
0.371535E+06 0.150679E-33 0.139851E-33 0.150679E-33 0.139851E-33 0.150679E-33 0.139851E-33
0.383707E+06 0.153254E-33 0.142450E-33 0.153254E-33 0.142450E-33 0.153254E-33 0.142450E-33
0.396278E+06 0.155866E-33 0.145089E-33 0.155866E-33 0.145089E-33 0.155866E-33 0.145089E-33
0.409261E+06 0.158517E-33 0.147768E-33 0.158517E-33 0.147768E-33 0.158517E-33 0.147768E-33
0.422669E+06 0.161206E-33 0.150487E-33 0.161206E-33 0.150487E-33 0.161206E-33 0.150487E-33
0.436516E+06 0.163934E-33 0.153245E-33 0.163934E-33 0.153245E-33 0.163934E-33 0.153245E-33
0.450817E+06 0.166702E-33 0.156045E-33 0.166702E-33 0.156045E-33 0.166702E-33 0.156045E-33
0.465586E+06 0.169510E-33 0.158887E-33 0.169510E-33 0.158887E-33 0.169510E-33 0.158887E-33
0.480839E+06 0.172359E-33 0.161770E-33 0.172359E-33 0.161770E-33 0.172359E-33 0.161770E-33
0.496592E+06 0.175249E-33 0.164696E-33 0.175249E-33 0.164696E-33 0.175249E-33 0.164696E-33
0.512861E+06 0.178181E-33 0.167666E-33 0.178181E-33 0.167666E-33 0.178181E-33 0.167666E-33
0.529663E+06 0.181155E-33 0.170678E-33 0.181155E-33 0.170678E-33 0.181155E-33 0.170678E-33
0.547016E+06 0.184172E-33 0.173734E-33 0.184172E-33 0.173734E-33 0.184172E-33 0.173734E-33
0.564937E+06 0.187233E-33 0.176835E-33 0.187233E-33 0.176835E-33 0.187233E-33 0.176835E-33
0.583445E+06 0.190337E-33 0.179982E-33 0.190337E-33 0.179982E-33 0.190337E-33 0.179982E-33
0.602560E+06 0.193486E-33 0.183174E-33 0.193486E-33 0.183174E-33 0.193486E-33 0.183174E-33
0.622300E+06 0.196680E-33 0.186412E-33 0.196680E-33 0.186412E-33 0.196680E-33 0.186412E-33
0.642688E+06 0.199920E-33 0.189696E-33 0.199920E-33 0.189696E-33 0.199920E-33 0.189696E-33
0.663743E+06 0.203206E-33 0.193028E-33 0.203206E-33 0.193028E-33 0.203206E-33 0.193028E-33
0.685488E+06 0.206539E-33 0.196409E-33 0.206539E-33 0.196409E-33 0.206539E-33 0.196409E-33
0.707946E+06 0.209920E-33 0.199837E-33 0.209920E-33 0.199837E-33 0.209920E-33 0.199837E-33
0.731139E+06 0.213348E-33 0.203314E-33 0.213348E-33 0.203314E-33 0.213348E-33 0.203314E-33
0.755092E+06 0.216825E-33 0.206841E-33 0.216825E-33 0.206841E-33 0.216825E-33 0.206841E-33
0.779830E+06 0.220352E-33 0.210419E-33 0.220352E-33 0.210419E-33 0.220352E-33 0.210419E-33
0.805378E+06 0.223929E-33 0.214047E-33 0.223929E-33 0.214047E-33 0.223929E-33 0.214047E-33
0.831764E+06 0.227556E-33 0.217727E-33 0.227556E-33 0.217727E-33 0.227556E-33 0.217727E-33
0.859014E+06 0.231234E-33 0.221458E-33 0.231234E-33 0.221458E-33 0.231234E-33 0.221458E-33
0.887156E+06 0.234965E-33 0.225242E-33 0.234965E-33 0.225242E-33 0.234965E-33 0.225242E-33
0.916220E+06 0.238748E-33 0.229080E-33 0.238748E-33 0.229080E-33 0.238748E-33 0.229080E-33
0.946237E+06 0.242584E-33 0.232971E-33 0.242584E-33 0.232971E-33 0.242584E-33 0.232971E-33
0.977237E+06 0.246474E-33 0.236917E-33 0.246474E-33 0.236917E-33 0.246474E-33 0.236917E-33
0.100925E+07 0.250418E-33 0.240918E-33 0.250418E-33 0.240918E-33 0.250418E-33 0.240918E-33
0.104232E+07 0.254418E-33 0.244976E-33 0.254418E-33 0.244976E-33 0.254418E-33 0.244976E-33
0.107647E+07 0.258474E-33 0.249089E-33 0.258474E-33 0.249089E-33 0.258474E-33 0.249089E-33
0.111173E+07 0.262586E-33 0.253260E-33 0.262586E-33 0.253260E-33 0.262586E-33 0.253260E-33
0.114815E+07 0.266756E-33 0.257489E-33 0.266756E-33 0.257489E-33 0.266756E-33 0.257489E-33
0.118577E+07 0.270983E-33 0.261776E-33 0.270983E-33 0.261776E-33 0.270983E-33 0.261776E-33
0.122462E+07 0.275269E-33 0.266123E-33 0.275269E-33 0.266123E-33 0.275269E-33 0.266123E-33
0.126474E+07 0.279615E-33 0.270529E-33 0.279615E-33 0.270529E-33 0.279615E-33 0.270529E-33
0.130617E+07 0.284021E-33 0.274999E-33 0.284021E-33 0.274999E-33 0.284021E-33 0.274999E-33
0.134896E+07 0.288488E-33 0.279525E-33 0.288488E-33 0.279525E-33 0.288488E-33 0.279525E-33
0.139316E+07 0.293017E-33 0.284115E-33 0.293017E-33 0.284115E-33 0.293017E-33 0.284115E-33
0.143880E+07 0.297608E-33 0.288769E-33 0.297608E-33 0.288769E-33 0.297608E-33 0.288769E-33
0.148594E+07 0.302262E-33 0.293486E-33 0.302262E-33 0.293486E-33 0.302262E-33 0.293486E-33
0.153462E+07 0.306981E-33 0.298268E-33 0.306981E-33 0.298268E-33 0.306981E-33 0.298268E-33
0.158489E+07 0.311764E-33 0.303114E-33 0.311764E-33 0.303114E-33 0.311764E-33 0.303114E-33
0.163682E+07 0.316612E-33 0.308026E-33 0.316612E-33 0.308026E-33 0.316612E-33 0.308026E-33
0.169044E+07 0.321527E-33 0.313005E-33 0.321527E-33 0.313005E-33 0.321527E-33 0.313005E-33
0.174582E+07 0.326509E-33 0.318051E-33 0.326509E-33 0.318051E-33 0.326509E-33 0.318051E-33
0.180302E+07 0.331559E-33 0.323166E-33 0.331559E-33 0.323166E-33 0.331559E-33 0.323166E-33
0.186209E+07 0.336678E-33 0.328350E-33 0.336678E-33 0.328350E-33 0.336678E-33 0.328350E-33
0.192309E+07 0.341866E-33 0.333603E-33 0.341866E-33 0.333603E-33 0.341866E-33 0.333603E-33
0.198609E+07 0.347125E-33 0.338927E-33 0.347125E-33 0.338927E-33 0.347125E-33 0.338927E-33
0.205116E+07 0.352455E-33 0.344322E-33 0.352455E-33 0.344322E-33 0.352455E-33 0.344322E-33
0.211836E+07 0.357857E-33 0.349790E-33 0.357857E-33 0.349790E-33 0.357857E-33 0.349790E-33
0.218776E+07 0.363332E-33 0.355330E-33 0.363332E-33 0.355330E-33 0.363332E-33 0.355330E-33
0.225944E+07 0.368881E-33 0.360945E-33 0.368881E-33 0.360945E-33 0.368881E-33 0.360945E-33
0.233346E+07 0.374505E-33 0.366635E-33 0.374505E-33 0.366635E-33 0.374505E-33 0.366635E-33
0.240991E+07 0.380204E-33 0.372399E-33 0.380204E-33 0.372399E-33 0.380204E-33 0.372399E-33
0.248886E+07 0.385980E-33 0.378241E-33 0.385980E-33 0.378241E-33 0.385980E-33 0.378241E-33
0.257040E+07 0.391833E-33 0.384160E-33 0.391833E-33 0.384160E-33 0.391833E-33 0.384160E-33
0.265461E+07 0.397764E-33 0.390157E-33 0.397764E-33 0.390157E-33 0.397764E-33 0.390157E-33
0.274157E+07 0.403775E-33 0.396234E-33 0.403775E-33 0.396234E-33 0.403775E-33 0.396234E-33
0.283139E+07 0.409865E-33 0.402390E-33 0.409865E-33 0.402390E-33 0.409865E-33 0.402390E-33
0.292415E+07 0.416037E-33 0.408628E-33 0.416037E-33 0.408628E-33 0.416037E-33 0.408628E-33
0.301995E+07 0.422291E-33 0.414948E-33 0.422291E-33 0.414948E-33 0.422291E-33 0.414948E-33
0.311889E+07 0.428628E-33 0.421350E-33 0.428628E-33 0.421350E-33 0.428628E-33 0.421350E-33
0.322107E+07 0.435048E-33 0.427837E-33 0.435048E-33 0.427837E-33 0.435048E-33 0.427837E-33
0.332660E+07 0.441553E-33 0.434408E-33 0.441553E-33 0.434408E-33 0.441553E-33 0.434408E-33
0.343558E+07 0.448145E-33 0.441065E-33 0.448145E-33 0.441065E-33 0.448145E-33 0.441065E-33
0.354813E+07 0.454823E-33 0.447808E-33 0.454823E-33 0.447808E-33 0.454823E-33 0.447808E-33
0.366438E+07 0.461589E-33 0.454640E-33 0.461589E-33 0.454640E-33 0.461589E-33 0.454640E-33
0.378443E+07 0.468445E-33 0.461561E-33 0.468445E-33 0.461561E-33 0.468445E-33 0.461561E-33
0.390841E+07 0.475389E-33 0.468570E-33 0.475389E-33 0.468570E-33 0.475389E-33 0.468570E-33
0.403645E+07 0.482425E-33 0.475671E-33 0.482425E-33 0.475671E-33 0.482425E-33 0.475671E-33
0.416869E+07 0.489553E-33 0.482864E-33 0.489553E-33 0.482864E-33 0.489553E-33 0.482864E-33
0.430527E+07 0.496773E-33 0.490148E-33 0.496773E-33 0.490148E-33 0.496773E-33 0.490148E-33
0.444631E+07 0.504089E-33 0.497528E-33 0.504089E-33 0.497528E-33 0.504089E-33 0.497528E-33
0.459198E+07 0.511499E-33 0.505002E-33 0.511499E-33 0.505002E-33 0.511499E-33 0.505002E-33
0.474242E+07 0.519005E-33 0.512572E-33 0.519005E-33 0.512572E-33 0.519005E-33 0.512572E-33
0.489779E+07 0.526608E-33 0.520240E-33 0.526608E-33 0.520240E-33 0.526608E-33 0.520240E-33
0.505825E+07 0.534310E-33 0.528005E-33 0.534310E-33 0.528005E-33 0.534310E-33 0.528005E-33
0.522396E+07 0.542112E-33 0.535869E-33 0.542112E-33 0.535869E-33 0.542112E-33 0.535869E-33
0.539511E+07 0.550015E-33 0.543836E-33 0.550015E-33 0.543836E-33 0.550015E-33 0.543836E-33
0.557186E+07 0.558018E-33 0.551902E-33 0.558018E-33 0.551902E-33 0.558018E-33 0.551902E-33
0.575440E+07 0.566124E-33 0.560070E-33 0.566124E-33 0.560070E-33 0.566124E-33 0.560070E-33
0.594292E+07 0.574335E-33 0.568343E-33 0.574335E-33 0.568343E-33 0.574335E-33 0.568343E-33
0.613762E+07 0.582651E-33 0.576721E-33 0.582651E-33 0.576721E-33 0.582651E-33 0.576721E-33
0.633870E+07 0.591074E-33 0.585205E-33 0.591074E-33 0.585205E-33 0.591074E-33 0.585205E-33
0.654636E+07 0.599603E-33 0.593796E-33 0.599603E-33 0.593796E-33 0.599603E-33 0.593796E-33
0.676083E+07 0.608242E-33 0.602496E-33 0.608242E-33 0.602496E-33 0.608242E-33 0.602496E-33
0.698232E+07 0.616991E-33 0.611305E-33 0.616991E-33 0.611305E-33 0.616991E-33 0.611305E-33
0.721107E+07 0.625850E-33 0.620225E-33 0.625850E-33 0.620225E-33 0.625850E-33 0.620225E-33
0.744732E+07 0.634821E-33 0.629255E-33 0.634821E-33 0.629255E-33 0.634821E-33 0.629255E-33
0.769130E+07 0.643912E-33 0.638407E-33 0.643912E-33 0.638407E-33 0.643912E-33 0.638407E-33
0.794328E+07 0.653109E-33 0.647663E-33 0.653109E-33 0.647663E-33 0.653109E-33 0.647663E-33
0.820352E+07 0.662427E-33 0.657040E-33 0.662427E-33 0.657040E-33 0.662427E-33 0.657040E-33
0.847227E+07 0.671861E-33 0.666532E-33 0.671861E-33 0.666532E-33 0.671861E-33 0.666532E-33
0.874984E+07 0.681415E-33 0.676144E-33 0.681415E-33 0.676144E-33 0.681415E-33 0.676144E-33
0.903649E+07 0.691087E-33 0.685874E-33 0.691087E-33 0.685874E-33 0.691087E-33 0.685874E-33
0.933254E+07 0.700881E-33 0.695726E-33 0.700881E-33 0.695726E-33 0.700881E-33 0.695726E-33
0.963829E+07 0.710799E-33 0.705701E-33 0.710799E-33 0.705701E-33 0.710799E-33 0.705701E-33
0.995405E+07 0.720840E-33 0.715799E-33 0.720840E-33 0.715799E-33 0.720840E-33 0.715799E-33
0.102802E+08 0.731007E-33 0.726022E-33 0.731007E-33 0.726022E-33 0.731007E-33 0.726022E-33
0.106170E+08 0.741299E-33 0.736370E-33 0.741299E-33 0.736370E-33 0.741299E-33 0.736370E-33
0.109648E+08 0.751722E-33 0.746848E-33 0.751722E-33 0.746848E-33 0.751722E-33 0.746848E-33
0.113240E+08 0.762272E-33 0.757453E-33 0.762272E-33 0.757453E-33 0.762272E-33 0.757453E-33
0.116950E+08 0.772954E-33 0.768190E-33 0.772954E-33 0.768190E-33 0.772954E-33 0.768190E-33
0.120781E+08 0.783767E-33 0.779058E-33 0.783767E-33 0.779058E-33 0.783767E-33 0.779058E-33
0.124738E+08 0.794716E-33 0.790060E-33 0.794716E-33 0.790060E-33 0.794716E-33 0.790060E-33
0.128825E+08 0.805798E-33 0.801196E-33 0.805798E-33 0.801196E-33 0.805798E-33 0.801196E-33
0.133045E+08 0.817017E-33 0.812469E-33 0.817017E-33 0.812469E-33 0.817017E-33 0.812469E-33
0.137404E+08 0.828375E-33 0.823879E-33 0.828375E-33 0.823879E-33 0.828375E-33 0.823879E-33
0.141906E+08 0.839872E-33 0.835428E-33 0.839872E-33 0.835428E-33 0.839872E-33 0.835428E-33
0.146555E+08 0.851510E-33 0.847118E-33 0.851510E-33 0.847118E-33 0.851510E-33 0.847118E-33
0.151356E+08 0.863290E-33 0.858950E-33 0.863290E-33 0.858950E-33 0.863290E-33 0.858950E-33
0.156315E+08 0.875214E-33 0.870925E-33 0.875214E-33 0.870925E-33 0.875214E-33 0.870925E-33
0.161436E+08 0.887285E-33 0.883046E-33 0.887285E-33 0.883046E-33 0.887285E-33 0.883046E-33
0.166725E+08 0.899502E-33 0.895313E-33 0.899502E-33 0.895313E-33 0.899502E-33 0.895313E-33
0.172187E+08 0.911868E-33 0.907729E-33 0.911868E-33 0.907729E-33 0.911868E-33 0.907729E-33
0.177828E+08 0.924384E-33 0.920295E-33 0.924384E-33 0.920295E-33 0.924384E-33 0.920295E-33
0.183654E+08 0.937051E-33 0.933010E-33 0.937051E-33 0.933010E-33 0.937051E-33 0.933010E-33
0.189671E+08 0.949872E-33 0.945880E-33 0.949872E-33 0.945880E-33 0.949872E-33 0.945880E-33
0.195884E+08 0.962849E-33 0.958905E-33 0.962849E-33 0.958905E-33 0.962849E-33 0.958905E-33
0.202302E+08 0.975981E-33 0.972085E-33 0.975981E-33 0.972085E-33 0.975981E-33 0.972085E-33
0.208930E+08 0.989273E-33 0.985425E-33 0.989273E-33 0.985425E-33 0.989273E-33 0.985425E-33
0.215774E+08 0.100272E-32 0.998923E-33 0.100272E-32 0.998923E-33 0.100272E-32 0.998923E-33
0.222844E+08 0.101634E-32 0.101258E-32 0.101634E-32 0.101258E-32 0.101634E-32 0.101258E-32
0.230144E+08 0.103011E-32 0.102640E-32 0.103011E-32 0.102640E-32 0.103011E-32 0.102640E-32
0.237684E+08 0.104406E-32 0.104039E-32 0.104406E-32 0.104039E-32 0.104406E-32 0.104039E-32
0.245471E+08 0.105816E-32 0.105454E-32 0.105816E-32 0.105454E-32 0.105816E-32 0.105454E-32
0.253513E+08 0.107244E-32 0.106887E-32 0.107244E-32 0.106887E-32 0.107244E-32 0.106887E-32
0.261818E+08 0.108689E-32 0.108336E-32 0.108689E-32 0.108336E-32 0.108689E-32 0.108336E-32
0.270396E+08 0.110151E-32 0.109802E-32 0.110151E-32 0.109802E-32 0.110151E-32 0.109802E-32
0.279254E+08 0.111630E-32 0.111286E-32 0.111630E-32 0.111286E-32 0.111630E-32 0.111286E-32
0.288403E+08 0.113127E-32 0.112787E-32 0.113127E-32 0.112787E-32 0.113127E-32 0.112787E-32
0.297852E+08 0.114641E-32 0.114306E-32 0.114641E-32 0.114306E-32 0.114641E-32 0.114306E-32
0.307610E+08 0.116174E-32 0.115842E-32 0.116174E-32 0.115842E-32 0.116174E-32 0.115842E-32
0.317687E+08 0.117724E-32 0.117397E-32 0.117724E-32 0.117397E-32 0.117724E-32 0.117397E-32
0.328095E+08 0.119293E-32 0.118970E-32 0.119293E-32 0.118970E-32 0.119293E-32 0.118970E-32
0.338844E+08 0.120881E-32 0.120562E-32 0.120881E-32 0.120562E-32 0.120881E-32 0.120562E-32
0.349945E+08 0.122487E-32 0.122172E-32 0.122487E-32 0.122172E-32 0.122487E-32 0.122172E-32
0.361410E+08 0.124112E-32 0.123801E-32 0.124112E-32 0.123801E-32 0.124112E-32 0.123801E-32
0.373250E+08 0.125756E-32 0.125449E-32 0.125756E-32 0.125449E-32 0.125756E-32 0.125449E-32
0.385478E+08 0.127419E-32 0.127116E-32 0.127419E-32 0.127116E-32 0.127419E-32 0.127116E-32
0.398107E+08 0.129102E-32 0.128803E-32 0.129102E-32 0.128803E-32 0.129102E-32 0.128803E-32
0.411150E+08 0.130804E-32 0.130509E-32 0.130804E-32 0.130509E-32 0.130804E-32 0.130509E-32
0.424620E+08 0.132526E-32 0.132235E-32 0.132526E-32 0.132235E-32 0.132526E-32 0.132235E-32
0.438531E+08 0.134269E-32 0.133981E-32 0.134269E-32 0.133981E-32 0.134269E-32 0.133981E-32
0.452898E+08 0.136032E-32 0.135748E-32 0.136032E-32 0.135748E-32 0.136032E-32 0.135748E-32
0.467735E+08 0.137814E-32 0.137534E-32 0.137814E-32 0.137534E-32 0.137814E-32 0.137534E-32
0.483059E+08 0.139618E-32 0.139341E-32 0.139618E-32 0.139341E-32 0.139618E-32 0.139341E-32
0.498884E+08 0.141443E-32 0.141170E-32 0.141443E-32 0.141170E-32 0.141443E-32 0.141170E-32
0.515229E+08 0.143289E-32 0.143019E-32 0.143289E-32 0.143019E-32 0.143289E-32 0.143019E-32
0.532108E+08 0.145155E-32 0.144890E-32 0.145155E-32 0.144890E-32 0.145155E-32 0.144890E-32
0.549541E+08 0.147044E-32 0.146781E-32 0.147044E-32 0.146781E-32 0.147044E-32 0.146781E-32
0.567545E+08 0.148954E-32 0.148695E-32 0.148954E-32 0.148695E-32 0.148954E-32 0.148695E-32
0.586138E+08 0.150887E-32 0.150631E-32 0.150887E-32 0.150631E-32 0.150887E-32 0.150631E-32
0.605341E+08 0.152841E-32 0.152589E-32 0.152841E-32 0.152589E-32 0.152841E-32 0.152589E-32
0.625173E+08 0.154818E-32 0.154569E-32 0.154818E-32 0.154569E-32 0.154818E-32 0.154569E-32
0.645654E+08 0.156817E-32 0.156572E-32 0.156817E-32 0.156572E-32 0.156817E-32 0.156572E-32
0.666807E+08 0.158840E-32 0.158598E-32 0.158840E-32 0.158598E-32 0.158840E-32 0.158598E-32
0.688652E+08 0.160886E-32 0.160646E-32 0.160886E-32 0.160646E-32 0.160886E-32 0.160646E-32
0.711214E+08 0.162954E-32 0.162718E-32 0.162954E-32 0.162718E-32 0.162954E-32 0.162718E-32
0.734514E+08 0.165046E-32 0.164814E-32 0.165046E-32 0.164814E-32 0.165046E-32 0.164814E-32
0.758578E+08 0.167163E-32 0.166933E-32 0.167163E-32 0.166933E-32 0.167163E-32 0.166933E-32
0.783430E+08 0.169303E-32 0.169076E-32 0.169303E-32 0.169076E-32 0.169303E-32 0.169076E-32
0.809096E+08 0.171467E-32 0.171244E-32 0.171467E-32 0.171244E-32 0.171467E-32 0.171244E-32
0.835603E+08 0.173656E-32 0.173436E-32 0.173656E-32 0.173436E-32 0.173656E-32 0.173436E-32
0.862979E+08 0.175870E-32 0.175652E-32 0.175870E-32 0.175652E-32 0.175870E-32 0.175652E-32
0.891251E+08 0.178109E-32 0.177894E-32 0.178109E-32 0.177894E-32 0.178109E-32 0.177894E-32
0.920450E+08 0.180373E-32 0.180161E-32 0.180373E-32 0.180161E-32 0.180373E-32 0.180161E-32
0.950605E+08 0.182662E-32 0.182454E-32 0.182662E-32 0.182454E-32 0.182662E-32 0.182454E-32
0.981748E+08 0.184978E-32 0.184772E-32 0.184978E-32 0.184772E-32 0.184978E-32 0.184772E-32
0.101391E+09 0.187319E-32 0.187116E-32 0.187319E-32 0.187116E-32 0.187319E-32 0.187116E-32
0.104713E+09 0.189686E-32 0.189486E-32 0.189686E-32 0.189486E-32 0.189686E-32 0.189486E-32
0.108143E+09 0.192080E-32 0.191883E-32 0.192080E-32 0.191883E-32 0.192080E-32 0.191883E-32
0.111686E+09 0.194501E-32 0.194307E-32 0.194501E-32 0.194307E-32 0.194501E-32 0.194307E-32
0.115345E+09 0.196949E-32 0.196757E-32 0.196949E-32 0.196757E-32 0.196949E-32 0.196757E-32
0.119124E+09 0.199425E-32 0.199235E-32 0.199425E-32 0.199235E-32 0.199425E-32 0.199235E-32
0.123027E+09 0.201929E-32 0.201742E-32 0.201929E-32 0.201742E-32 0.201929E-32 0.201742E-32
0.127057E+09 0.204458E-32 0.204273E-32 0.204458E-32 0.204273E-32 0.204458E-32 0.204273E-32
0.131220E+09 0.207017E-32 0.206835E-32 0.207017E-32 0.206835E-32 0.207017E-32 0.206835E-32
0.135519E+09 0.209605E-32 0.209426E-32 0.209605E-32 0.209426E-32 0.209605E-32 0.209426E-32
0.139959E+09 0.212220E-32 0.212044E-32 0.212220E-32 0.212044E-32 0.212220E-32 0.212044E-32
0.144544E+09 0.214866E-32 0.214691E-32 0.214866E-32 0.214691E-32 0.214866E-32 0.214691E-32
0.149279E+09 0.217541E-32 0.217369E-32 0.217541E-32 0.217369E-32 0.217541E-32 0.217369E-32
0.154170E+09 0.220244E-32 0.220074E-32 0.220244E-32 0.220074E-32 0.220244E-32 0.220074E-32
0.159221E+09 0.222977E-32 0.222810E-32 0.222977E-32 0.222810E-32 0.222977E-32 0.222810E-32
0.164437E+09 0.225741E-32 0.225576E-32 0.225741E-32 0.225576E-32 0.225741E-32 0.225576E-32
0.169824E+09 0.228536E-32 0.228374E-32 0.228536E-32 0.228374E-32 0.228536E-32 0.228374E-32
0.175388E+09 0.231360E-32 0.231200E-32 0.231360E-32 0.231200E-32 0.231360E-32 0.231200E-32
0.181134E+09 0.234216E-32 0.234058E-32 0.234216E-32 0.234058E-32 0.234216E-32 0.234058E-32
0.187068E+09 0.237103E-32 0.236948E-32 0.237103E-32 0.236948E-32 0.237103E-32 0.236948E-32
0.193197E+09 0.240022E-32 0.239869E-32 0.240022E-32 0.239869E-32 0.240022E-32 0.239869E-32
0.199526E+09 0.242973E-32 0.242822E-32 0.242973E-32 0.242822E-32 0.242973E-32 0.242822E-32
0.206063E+09 0.245956E-32 0.245807E-32 0.245956E-32 0.245807E-32 0.245956E-32 0.245807E-32
0.212814E+09 0.248972E-32 0.248825E-32 0.248972E-32 0.248825E-32 0.248972E-32 0.248825E-32
0.219786E+09 0.252021E-32 0.251875E-32 0.252021E-32 0.251875E-32 0.252021E-32 0.251875E-32
0.226986E+09 0.255103E-32 0.254959E-32 0.255103E-32 0.254959E-32 0.255103E-32 0.254959E-32
0.234423E+09 0.258218E-32 0.258077E-32 0.258218E-32 0.258077E-32 0.258218E-32 0.258077E-32
0.242103E+09 0.261368E-32 0.261228E-32 0.261368E-32 0.261228E-32 0.261368E-32 0.261228E-32
0.250035E+09 0.264550E-32 0.264413E-32 0.264550E-32 0.264413E-32 0.264550E-32 0.264413E-32
0.258226E+09 0.267768E-32 0.267633E-32 0.267768E-32 0.267633E-32 0.267768E-32 0.267633E-32
0.266686E+09 0.271021E-32 0.270888E-32 0.271021E-32 0.270888E-32 0.271021E-32 0.270888E-32
0.275423E+09 0.274309E-32 0.274178E-32 0.274309E-32 0.274178E-32 0.274309E-32 0.274178E-32
0.284446E+09 0.277633E-32 0.277503E-32 0.277633E-32 0.277503E-32 0.277633E-32 0.277503E-32
0.293765E+09 0.280992E-32 0.280864E-32 0.280992E-32 0.280864E-32 0.280992E-32 0.280864E-32
0.303389E+09 0.284387E-32 0.284261E-32 0.284387E-32 0.284261E-32 0.284387E-32 0.284261E-32
0.313329E+09 0.287819E-32 0.287695E-32 0.287819E-32 0.287695E-32 0.287819E-32 0.287695E-32
0.323594E+09 0.291288E-32 0.291166E-32 0.291288E-32 0.291166E-32 0.291288E-32 0.291166E-32
0.334195E+09 0.294795E-32 0.294674E-32 0.294795E-32 0.294674E-32 0.294795E-32 0.294674E-32
0.345144E+09 0.298338E-32 0.298219E-32 0.298338E-32 0.298219E-32 0.298338E-32 0.298219E-32
0.356451E+09 0.301919E-32 0.301801E-32 0.301919E-32 0.301801E-32 0.301919E-32 0.301801E-32
0.368129E+09 0.305540E-32 0.305425E-32 0.305540E-32 0.305425E-32 0.305540E-32 0.305425E-32
0.380189E+09 0.309200E-32 0.309085E-32 0.309200E-32 0.309085E-32 0.309200E-32 0.309085E-32
0.392645E+09 0.312897E-32 0.312785E-32 0.312897E-32 0.312785E-32 0.312897E-32 0.312785E-32
0.405509E+09 0.316635E-32 0.316524E-32 0.316635E-32 0.316524E-32 0.316635E-32 0.316524E-32
0.418794E+09 0.320412E-32 0.320303E-32 0.320412E-32 0.320303E-32 0.320412E-32 0.320303E-32
0.432514E+09 0.324230E-32 0.324122E-32 0.324230E-32 0.324122E-32 0.324230E-32 0.324122E-32
0.446684E+09 0.328090E-32 0.327984E-32 0.328090E-32 0.327984E-32 0.328090E-32 0.327984E-32
0.461318E+09 0.331987E-32 0.331883E-32 0.331987E-32 0.331883E-32 0.331987E-32 0.331883E-32
0.476431E+09 0.335929E-32 0.335825E-32 0.335929E-32 0.335825E-32 0.335929E-32 0.335825E-32
0.492040E+09 0.339911E-32 0.339809E-32 0.339911E-32 0.339809E-32 0.339911E-32 0.339809E-32
0.508159E+09 0.343935E-32 0.343835E-32 0.343935E-32 0.343835E-32 0.343935E-32 0.343835E-32
0.524807E+09 0.348002E-32 0.347904E-32 0.348002E-32 0.347904E-32 0.348002E-32 0.347904E-32
0.542001E+09 0.352113E-32 0.352016E-32 0.352113E-32 0.352016E-32 0.352113E-32 0.352016E-32
0.559758E+09 0.356267E-32 0.356171E-32 0.356267E-32 0.356171E-32 0.356267E-32 0.356171E-32
0.578096E+09 0.360464E-32 0.360369E-32 0.360464E-32 0.360369E-32 0.360464E-32 0.360369E-32
0.597035E+09 0.364706E-32 0.364612E-32 0.364706E-32 0.364612E-32 0.364706E-32 0.364612E-32
0.616595E+09 0.368992E-32 0.368900E-32 0.368992E-32 0.368900E-32 0.368992E-32 0.368900E-32
0.636796E+09 0.373323E-32 0.373232E-32 0.373323E-32 0.373232E-32 0.373323E-32 0.373232E-32
0.657658E+09 0.377700E-32 0.377611E-32 0.377700E-32 0.377611E-32 0.377700E-32 0.377611E-32
0.679204E+09 0.382124E-32 0.382036E-32 0.382124E-32 0.382036E-32 0.382124E-32 0.382036E-32
0.701455E+09 0.386594E-32 0.386507E-32 0.386594E-32 0.386507E-32 0.386594E-32 0.386507E-32
0.724436E+09 0.391110E-32 0.391025E-32 0.391110E-32 0.391025E-32 0.391110E-32 0.391025E-32
0.748170E+09 0.395673E-32 0.395589E-32 0.395673E-32 0.395589E-32 0.395673E-32 0.395589E-32
0.772681E+09 0.400284E-32 0.400201E-32 0.400284E-32 0.400201E-32 0.400284E-32 0.400201E-32
0.797995E+09 0.404944E-32 0.404862E-32 0.404944E-32 0.404862E-32 0.404944E-32 0.404862E-32
0.824138E+09 0.409652E-32 0.409571E-32 0.409652E-32 0.409571E-32 0.409652E-32 0.409571E-32
0.851138E+09 0.414409E-32 0.414329E-32 0.414409E-32 0.414329E-32 0.414409E-32 0.414329E-32
0.879023E+09 0.419217E-32 0.419138E-32 0.419217E-32 0.419138E-32 0.419217E-32 0.419138E-32
0.907821E+09 0.424074E-32 0.423996E-32 0.424074E-32 0.423996E-32 0.424074E-32 0.423996E-32
0.937562E+09 0.428981E-32 0.428905E-32 0.428981E-32 0.428905E-32 0.428981E-32 0.428905E-32
0.968278E+09 0.433940E-32 0.433865E-32 0.433940E-32 0.433865E-32 0.433940E-32 0.433865E-32
0.100000E+10 0.438950E-32 0.438875E-32 0.438950E-32 0.438875E-32 0.438950E-32 0.438875E-32
